3 0.80859375 0.5467592592592593 0.0859375 0.225
3 0.7169270833333333 0.55 0.1265625 0.23333333333333334
3 0.6791666666666667 0.7620370370370371 0.06875 0.24814814814814815
3 0.48411458333333335 0.6476851851851851 0.06614583333333333 0.2712962962962963
3 0.11875 0.7657407407407407 0.06041666666666667 0.2518518518518518
3 0.30182291666666666 0.5291666666666667 0.07239583333333334 0.25462962962962965
3 0.23932291666666666 0.5300925925925926 0.05260416666666667 0.28055555555555556
3 0.6263020833333334 0.4064814814814815 0.0765625 0.22962962962962963
3 0.6940104166666666 0.3680555555555556 0.0515625 0.18888888888888888
0 0.40651041666666665 0.8004629629629629 0.06510416666666667 0.1824074074074074
0 0.8473958333333333 0.36944444444444446 0.057291666666666664 0.2037037037037037
0 0.1765625 0.38333333333333336 0.046875 0.19814814814814816
1 0.22005208333333334 0.2740740740740741 0.0421875 0.07777777777777778
2 0.7872395833333333 0.5314814814814814 0.019270833333333334 0.032407407407407406