3 0.7559895833333333 0.6921296296296297 0.075 0.2611111111111111
2 0.6484375 0.24814814814814815 0.025520833333333333 0.03888888888888889
1 0.409375 0.19305555555555556 0.05260416666666667 0.08148148148148149
3 0.5830729166666667 0.6277777777777778 0.07552083333333333 0.2675925925925926
3 0.38776041666666666 0.5666666666666667 0.0765625 0.25925925925925924
3 0.23125 0.6064814814814815 0.07760416666666667 0.11851851851851852
3 0.5161458333333333 0.4111111111111111 0.07291666666666667 0.22962962962962963
3 0.5591145833333333 0.4050925925925926 0.050520833333333334 0.19537037037037036
3 0.5864583333333333 0.4152777777777778 0.04739583333333333 0.2722222222222222
3 0.5924479166666666 0.25092592592592594 0.042708333333333334 0.13333333333333333
3 0.6229166666666667 0.2351851851851852 0.03802083333333333 0.13148148148148148
0 0.7815104166666667 0.2773148148148148 0.059375 0.20462962962962963
0 0.16119791666666666 0.5087962962962963 0.05416666666666667 0.23981481481481481
0 0.83671875 0.7328703703703704 0.06770833333333333 0.13518518518518519