2 0.43020833333333336 0.2550925925925926 0.025 0.046296296296296294
1 0.303125 0.21898148148148147 0.058333333333333334 0.11018518518518519
3 0.03828125 0.8398148148148148 0.0765625 0.31666666666666665
3 0.3190104166666667 0.449537037037037 0.08854166666666667 0.4
3 0.3765625 0.7203703703703703 0.07083333333333333 0.3314814814814815
3 0.45598958333333334 0.7324074074074074 0.08802083333333334 0.2740740740740741
3 0.9731770833333333 0.6370370370370371 0.05364583333333333 0.37407407407407406
3 0.6473958333333333 0.5782407407407407 0.11145833333333334 0.32314814814814813
3 0.5114583333333333 0.5083333333333333 0.08125 0.26296296296296295
3 0.5807291666666666 0.2657407407407407 0.06666666666666667 0.25555555555555554
3 0.5377604166666666 0.31527777777777777 0.07291666666666667 0.17592592592592593
0 0.8252604166666667 0.2611111111111111 0.0546875 0.26481481481481484