2 0.4705729166666667 0.2587962962962963 0.019791666666666666 0.03148148148148148
3 0.2734375 0.4134259259259259 0.06458333333333334 0.24537037037037038
3 0.19947916666666668 0.3990740740740741 0.05260416666666667 0.2324074074074074
3 0.25807291666666665 0.775 0.06822916666666666 0.23333333333333334
3 0.46145833333333336 0.675 0.06666666666666667 0.2962962962962963
3 0.5361979166666667 0.5347222222222222 0.06354166666666666 0.25462962962962965
3 0.61015625 0.5106481481481482 0.07135416666666666 0.2462962962962963
3 0.67734375 0.6398148148148148 0.0609375 0.26666666666666666
3 0.7200520833333334 0.6185185185185185 0.05364583333333333 0.2111111111111111
0 0.63046875 0.8175925925925925 0.06927083333333334 0.15185185185185185
0 0.12473958333333333 0.4111111111111111 0.06302083333333333 0.22037037037037038
0 0.7684895833333333 0.3902777777777778 0.0421875 0.17685185185185184
1 0.72734375 0.2935185185185185 0.04375 0.07777777777777778
3 0.8104166666666667 0.7763888888888889 0.07916666666666666 0.22314814814814815