3 0.19427083333333334 0.6328703703703704 0.07447916666666667 0.2833333333333333
3 0.5859375 0.7356481481481482 0.08541666666666667 0.2916666666666667
3 0.4703125 0.6777777777777778 0.059895833333333336 0.27314814814814814
3 0.7317708333333334 0.4615740740740741 0.046875 0.21666666666666667
3 0.2953125 0.5402777777777777 0.08333333333333333 0.24444444444444444
3 0.4046875 0.49953703703703706 0.059375 0.20092592592592592
3 0.5114583333333333 0.5185185185185185 0.051041666666666666 0.25555555555555554
3 0.5184895833333333 0.31712962962962965 0.0578125 0.1935185185185185
3 0.4546875 0.4675925925925926 0.053125 0.23055555555555557
3 0.4828125 0.3662037037037037 0.05 0.12314814814814815
0 0.3015625 0.3648148148148148 0.04635416666666667 0.2111111111111111
0 0.3494791666666667 0.7523148148148148 0.057291666666666664 0.2101851851851852
1 0.35182291666666665 0.2537037037037037 0.043229166666666666 0.07407407407407407
0 0.9802083333333333 0.3736111111111111 0.03958333333333333 0.22870370370370371