3 0.042708333333333334 0.5421296296296296 0.07083333333333333 0.2064814814814815
3 0.12942708333333333 0.4564814814814815 0.05572916666666667 0.20555555555555555
3 0.18828125 0.7398148148148148 0.0671875 0.2796296296296296
3 0.3 0.43657407407407406 0.04895833333333333 0.23055555555555557
3 0.38359375 0.47175925925925927 0.06302083333333333 0.21944444444444444
3 0.42890625 0.5462962962962963 0.04635416666666667 0.24074074074074073
3 0.5401041666666667 0.6152777777777778 0.075 0.24722222222222223
3 0.5015625 0.4861111111111111 0.030208333333333334 0.20925925925925926
3 0.5200520833333333 0.5074074074074074 0.0484375 0.21481481481481482
0 0.46380208333333334 0.9083333333333333 0.059895833333333336 0.18333333333333332
0 0.6236979166666666 0.44907407407407407 0.0390625 0.15555555555555556