2 0.6388020833333333 0.49907407407407406 0.0234375 0.04259259259259259
3 0.9651041666666667 0.37592592592592594 0.06979166666666667 0.20277777777777778
3 0.76015625 0.44074074074074077 0.075 0.2361111111111111
3 0.6411458333333333 0.31666666666666665 0.06927083333333334 0.22314814814814815
3 0.5471354166666667 0.37546296296296294 0.07135416666666666 0.21851851851851853
3 0.346875 0.36203703703703705 0.06666666666666667 0.21203703703703702
3 0.33541666666666664 0.5745370370370371 0.08125 0.2361111111111111
3 0.12057291666666667 0.625 0.08385416666666666 0.24537037037037038
3 0.6052083333333333 0.524537037037037 0.051041666666666666 0.2777777777777778
0 0.44192708333333336 0.7152777777777778 0.07708333333333334 0.2722222222222222
0 0.9286458333333333 0.29953703703703705 0.04895833333333333 0.1935185185185185
0 0.25364583333333335 0.3375 0.042708333333333334 0.20555555555555555
1 0.3026041666666667 0.1763888888888889 0.046875 0.0787037037037037