1 0.596875 0.23796296296296296 0.0453125 0.07962962962962963
2 0.47291666666666665 0.4587962962962963 0.023958333333333335 0.032407407407407406
3 0.14869791666666668 0.36018518518518516 0.0671875 0.21666666666666667
3 0.34375 0.3300925925925926 0.057291666666666664 0.22037037037037038
3 0.37786458333333334 0.4273148148148148 0.051041666666666666 0.21388888888888888
3 0.42291666666666666 0.38564814814814813 0.0515625 0.22314814814814815
3 0.63046875 0.6467592592592593 0.06145833333333333 0.23333333333333334
3 0.6822916666666666 0.6092592592592593 0.04635416666666667 0.24166666666666667
3 0.7518229166666667 0.5842592592592593 0.06666666666666667 0.1925925925925926
3 0.7611979166666667 0.6694444444444444 0.04895833333333333 0.1425925925925926
0 0.6802083333333333 0.36018518518518516 0.04114583333333333 0.22870370370370371