3 0.12838541666666667 0.5416666666666666 0.06822916666666666 0.1814814814814815
3 0.24791666666666667 0.5060185185185185 0.06770833333333333 0.17685185185185184
3 0.32447916666666665 0.5120370370370371 0.06354166666666666 0.22314814814814815
3 0.44296875 0.33796296296296297 0.06875 0.15925925925925927
3 0.31223958333333335 0.2828703703703704 0.04114583333333333 0.16203703703703703
3 0.22916666666666666 0.3509259259259259 0.059895833333333336 0.16574074074074074
3 0.6744791666666666 0.4546296296296296 0.04791666666666667 0.1935185185185185
3 0.8854166666666666 0.5643518518518519 0.0484375 0.1287037037037037
3 0.55703125 0.5662037037037037 0.04375 0.22870370370370371
0 0.06640625 0.32592592592592595 0.04583333333333333 0.16018518518518518
0 0.7674479166666667 0.30787037037037035 0.03854166666666667 0.16574074074074074
1 0.725 0.20092592592592592 0.03177083333333333 0.05925925925925926
2 0.14088541666666668 0.5768518518518518 0.021875 0.030555555555555555