2 0.3140625 0.4513888888888889 0.025 0.04259259259259259
1 0.36770833333333336 0.28935185185185186 0.03697916666666667 0.06388888888888888
3 0.3377604166666667 0.5879629629629629 0.05364583333333333 0.26666666666666666
3 0.2546875 0.6175925925925926 0.06302083333333333 0.1935185185185185
3 0.13645833333333332 0.6101851851851852 0.044270833333333336 0.10555555555555556
3 0.45260416666666664 0.4625 0.04375 0.1824074074074074
3 0.5005208333333333 0.37037037037037035 0.03958333333333333 0.16203703703703703
3 0.67734375 0.44814814814814813 0.0421875 0.15555555555555556
3 0.7161458333333334 0.5601851851851852 0.09270833333333334 0.21944444444444444
3 0.8533854166666667 0.624537037037037 0.07760416666666667 0.2712962962962963
0 0.9557291666666666 0.4550925925925926 0.07552083333333333 0.2
0 0.36614583333333334 0.41388888888888886 0.03697916666666667 0.18055555555555555
3 0.40729166666666666 0.6689814814814815 0.06979166666666667 0.16944444444444445