2 0.16380208333333332 0.4351851851851852 0.025520833333333333 0.03981481481481482
1 0.4270833333333333 0.13425925925925927 0.04895833333333333 0.08611111111111111
3 0.2838541666666667 0.5430555555555555 0.10625 0.3425925925925926
3 0.49244791666666665 0.3611111111111111 0.04635416666666667 0.2564814814814815
3 0.5328125 0.33935185185185185 0.05364583333333333 0.22314814814814815
3 0.7440104166666667 0.5041666666666667 0.10572916666666667 0.2490740740740741
3 0.5356770833333333 0.6833333333333333 0.08645833333333333 0.25833333333333336
3 0.6041666666666666 0.7157407407407408 0.05364583333333333 0.28055555555555556
3 0.6927083333333334 0.16620370370370371 0.05520833333333333 0.2101851851851852
0 0.37395833333333334 0.22546296296296298 0.03802083333333333 0.16018518518518518
0 0.7221354166666667 0.799074074074074 0.06302083333333333 0.2222222222222222