1 0.6111979166666667 0.2518518518518518 0.04114583333333333 0.07962962962962963
3 0.78828125 0.6754629629629629 0.07864583333333333 0.2953703703703704
3 0.44895833333333335 0.712037037037037 0.08125 0.2490740740740741
3 0.39921875 0.5976851851851852 0.052083333333333336 0.25925925925925924
3 0.1796875 0.4791666666666667 0.050520833333333334 0.22685185185185186
3 0.27265625 0.35833333333333334 0.06666666666666667 0.21296296296296297
3 0.5778645833333333 0.48564814814814816 0.05520833333333333 0.21851851851851853
3 0.5119791666666667 0.47685185185185186 0.0703125 0.19907407407407407
3 0.5895833333333333 0.4162037037037037 0.059375 0.21296296296296297
3 0.5354166666666667 0.42592592592592593 0.03958333333333333 0.1935185185185185
0 0.05390625 0.3523148148148148 0.05520833333333333 0.2212962962962963
0 0.61875 0.7328703703703704 0.075 0.22962962962962963
0 0.6713541666666667 0.3625 0.04010416666666667 0.20925925925925926
2 0.5083333333333333 0.0875 0.024479166666666666 0.040740740740740744