3 0.7690104166666667 0.5587962962962963 0.059375 0.25555555555555554
3 0.70078125 0.5407407407407407 0.06145833333333333 0.2361111111111111
3 0.59140625 0.6527777777777778 0.05677083333333333 0.2861111111111111
3 0.5013020833333334 0.7675925925925926 0.09947916666666666 0.24351851851851852
3 0.35234375 0.6162037037037037 0.05677083333333333 0.2574074074074074
3 0.41510416666666666 0.5046296296296297 0.033854166666666664 0.21944444444444444
3 0.4875 0.5541666666666667 0.05364583333333333 0.2361111111111111
3 0.5111979166666667 0.5231481481481481 0.040625 0.24722222222222223
0 0.33515625 0.4412037037037037 0.0359375 0.1935185185185185
0 0.49661458333333336 0.7981481481481482 0.08177083333333333 0.21944444444444444
0 0.9869791666666666 0.4564814814814815 0.026041666666666668 0.2324074074074074