2 0.4140625 0.3824074074074074 0.019791666666666666 0.03425925925925926
3 0.3541666666666667 0.4337962962962963 0.05677083333333333 0.23796296296296296
3 0.8661458333333333 0.6537037037037037 0.06822916666666666 0.2574074074074074
3 0.6796875 0.5148148148148148 0.06302083333333333 0.225
3 0.6200520833333333 0.5731481481481482 0.06197916666666667 0.23981481481481481
3 0.39427083333333335 0.28888888888888886 0.05260416666666667 0.16111111111111112
3 0.5145833333333333 0.5291666666666667 0.09479166666666666 0.20555555555555555
3 0.50703125 0.3662037037037037 0.034895833333333334 0.19166666666666668
3 0.5364583333333334 0.4185185185185185 0.0765625 0.18703703703703703
0 0.04244791666666667 0.3296296296296296 0.04791666666666667 0.20277777777777778
0 0.5578125 0.7643518518518518 0.05572916666666667 0.22592592592592592
0 0.6734375 0.31527777777777777 0.04583333333333333 0.1537037037037037
1 0.6309895833333333 0.2375 0.04583333333333333 0.08055555555555556