3 0.28619791666666666 0.6310185185185185 0.05625 0.18518518518518517
3 0.35625 0.562962962962963 0.04583333333333333 0.18055555555555555
3 0.51171875 0.48055555555555557 0.0578125 0.14814814814814814
3 0.4432291666666667 0.4351851851851852 0.0484375 0.16111111111111112
3 0.5791666666666667 0.42314814814814816 0.059375 0.13148148148148148
3 0.62578125 0.4925925925925926 0.0390625 0.17777777777777778
3 0.52109375 0.6069444444444444 0.08072916666666667 0.14444444444444443
0 0.4979166666666667 0.8851851851851852 0.07135416666666666 0.22962962962962963
0 0.35442708333333334 0.43287037037037035 0.035416666666666666 0.16018518518518518
3 0.5151041666666667 0.7587962962962963 0.09322916666666667 0.22592592592592592
1 0.7234375 0.37916666666666665 0.0390625 0.06481481481481481
2 0.25078125 0.5328703703703703 0.017708333333333333 0.030555555555555555