3 0.7986979166666667 0.8439814814814814 0.07760416666666667 0.30648148148148147
3 0.5067708333333333 0.7467592592592592 0.07708333333333334 0.27870370370370373
3 0.7283854166666667 0.4287037037037037 0.0578125 0.21388888888888888
3 0.5783854166666667 0.5365740740740741 0.06458333333333334 0.2037037037037037
3 0.49375 0.46620370370370373 0.0515625 0.23425925925925925
3 0.38046875 0.5777777777777777 0.06041666666666667 0.22870370370370371
3 0.4200520833333333 0.5689814814814815 0.04739583333333333 0.225
3 0.4635416666666667 0.5861111111111111 0.0640625 0.24259259259259258
0 0.7989583333333333 0.42824074074074076 0.05364583333333333 0.20277777777777778
0 0.7395833333333334 0.9162037037037037 0.06458333333333334 0.1675925925925926
0 0.028645833333333332 0.7717592592592593 0.04583333333333333 0.2657407407407407