2 0.6346354166666667 0.2523148148148148 0.021875 0.032407407407407406
1 0.6622395833333333 0.22824074074074074 0.0421875 0.0787037037037037
3 0.2171875 0.32407407407407407 0.04791666666666667 0.1935185185185185
3 0.25859375 0.42268518518518516 0.05625 0.22870370370370371
3 0.375 0.45416666666666666 0.06354166666666666 0.20277777777777778
3 0.5651041666666666 0.6060185185185185 0.06302083333333333 0.23055555555555557
3 0.6567708333333333 0.5777777777777777 0.07083333333333333 0.25462962962962965
3 0.55625 0.29212962962962963 0.05 0.15462962962962962
3 0.5830729166666667 0.42268518518518516 0.058333333333333334 0.19722222222222222
0 0.10859375 0.3194444444444444 0.0515625 0.19907407407407407
0 0.5536458333333333 0.7333333333333333 0.06197916666666667 0.14814814814814814
0 0.6916666666666667 0.3175925925925926 0.04583333333333333 0.16666666666666666