1 0.6520833333333333 0.24768518518518517 0.042708333333333334 0.07314814814814814
2 0.5815104166666667 0.2884259259259259 0.027604166666666666 0.041666666666666664
3 0.7411458333333333 0.612037037037037 0.0578125 0.25925925925925924
3 0.834375 0.6620370370370371 0.06041666666666667 0.16203703703703703
3 0.4778645833333333 0.6560185185185186 0.05416666666666667 0.18888888888888888
3 0.37942708333333336 0.6851851851851852 0.06979166666666667 0.1685185185185185
3 0.38229166666666664 0.4962962962962963 0.09322916666666667 0.2388888888888889
3 0.028385416666666666 0.6175925925925926 0.0546875 0.27685185185185185
3 0.52109375 0.28564814814814815 0.040625 0.15555555555555556
3 0.5299479166666666 0.38935185185185184 0.04583333333333333 0.17592592592592593
0 0.2760416666666667 0.3037037037037037 0.06145833333333333 0.19722222222222222
0 0.9627604166666667 0.6402777777777777 0.05260416666666667 0.25833333333333336
0 0.24192708333333332 0.7555555555555555 0.06822916666666666 0.21481481481481482