3 0.31015625 0.7157407407407408 0.08229166666666667 0.2740740740740741
3 0.22994791666666667 0.6111111111111112 0.059895833333333336 0.24537037037037038
3 0.3059895833333333 0.3972222222222222 0.0484375 0.19907407407407407
3 0.38229166666666664 0.5925925925925926 0.05520833333333333 0.24351851851851852
3 0.4674479166666667 0.45231481481481484 0.059895833333333336 0.2222222222222222
3 0.49921875 0.5268518518518519 0.06979166666666667 0.21574074074074073
3 0.5565104166666667 0.525 0.0671875 0.2212962962962963
3 0.5966145833333333 0.5541666666666667 0.06458333333333334 0.2222222222222222
3 0.6536458333333334 0.5638888888888889 0.057291666666666664 0.2361111111111111
0 0.82265625 0.6023148148148149 0.05520833333333333 0.23796296296296296
0 0.19791666666666666 0.3680555555555556 0.042708333333333334 0.20833333333333334
0 0.1625 0.8324074074074074 0.05520833333333333 0.15092592592592594