1 0.6846354166666667 0.25925925925925924 0.040625 0.08055555555555556
0 0.971875 0.6185185185185185 0.05625 0.287962962962963
0 0.328125 0.3226851851851852 0.04895833333333333 0.19814814814814816
0 0.14583333333333334 0.7810185185185186 0.075 0.21388888888888888
3 0.20833333333333334 0.40879629629629627 0.05677083333333333 0.21944444444444444
3 0.4166666666666667 0.7837962962962963 0.059375 0.2222222222222222
3 0.3807291666666667 0.7305555555555555 0.0484375 0.2351851851851852
3 0.5924479166666666 0.5601851851851852 0.07447916666666667 0.24444444444444444
3 0.69453125 0.5236111111111111 0.05520833333333333 0.23703703703703705
3 0.6591145833333333 0.45231481481481484 0.042708333333333334 0.2064814814814815
3 0.5463541666666667 0.4162037037037037 0.0453125 0.2388888888888889
3 0.6299479166666667 0.4222222222222222 0.03802083333333333 0.22870370370370371
2 0.66796875 0.3731481481481482 0.01875 0.03425925925925926