2 0.7296875 0.22546296296296298 0.019270833333333334 0.027777777777777776
1 0.42942708333333335 0.28564814814814815 0.04895833333333333 0.08055555555555556
3 0.8455729166666667 0.5425925925925926 0.08177083333333333 0.2518518518518518
3 0.23932291666666666 0.7708333333333334 0.06302083333333333 0.2814814814814815
3 0.3216145833333333 0.6157407407407407 0.075 0.25
3 0.3768229166666667 0.6064814814814815 0.06458333333333334 0.23148148148148148
3 0.415625 0.5305555555555556 0.051041666666666666 0.26851851851851855
3 0.4705729166666667 0.4527777777777778 0.0703125 0.23796296296296296
3 0.6341145833333334 0.375 0.08072916666666667 0.23981481481481481
0 0.83359375 0.3314814814814815 0.04895833333333333 0.1962962962962963
0 0.15338541666666666 0.6055555555555555 0.04739583333333333 0.25