3 0.24375 0.6935185185185185 0.075 0.2611111111111111
2 0.35598958333333336 0.2412037037037037 0.024479166666666666 0.03796296296296296
1 0.5921875 0.20416666666666666 0.05260416666666667 0.08148148148148149
3 0.41041666666666665 0.6236111111111111 0.07552083333333333 0.2675925925925926
3 0.6119791666666666 0.5666666666666667 0.0765625 0.25925925925925924
3 0.76875 0.6064814814814815 0.07760416666666667 0.11851851851851852
3 0.48411458333333335 0.42314814814814816 0.07291666666666667 0.22962962962962963
3 0.44088541666666664 0.4050925925925926 0.050520833333333334 0.19537037037037036
3 0.41354166666666664 0.4152777777777778 0.04739583333333333 0.2722222222222222
3 0.40546875 0.27546296296296297 0.042708333333333334 0.13333333333333333
3 0.37161458333333336 0.25601851851851853 0.03802083333333333 0.13148148148148148
0 0.21223958333333334 0.2851851851851852 0.059375 0.20462962962962963
0 0.8388020833333333 0.512962962962963 0.05416666666666667 0.23981481481481481
0 0.16666666666666666 0.7384259259259259 0.06770833333333333 0.13518518518518519