3 0.4015625 0.47175925925925927 0.05572916666666667 0.2972222222222222
3 0.35833333333333334 0.7777777777777778 0.06979166666666667 0.26481481481481484
3 0.4479166666666667 0.7865740740740741 0.09166666666666666 0.2935185185185185
3 0.3572916666666667 0.600925925925926 0.06041666666666667 0.15555555555555556
3 0.46510416666666665 0.6138888888888889 0.046875 0.16111111111111112
3 0.675 0.47824074074074074 0.08125 0.23055555555555557
3 0.5981770833333333 0.47129629629629627 0.049479166666666664 0.24259259259259258
3 0.5591145833333333 0.38796296296296295 0.05677083333333333 0.21851851851851853
3 0.6236979166666666 0.28935185185185186 0.05677083333333333 0.19537037037037036
0 0.5796875 0.8421296296296297 0.06875 0.2490740740740741
3 0.4466145833333333 0.4134259259259259 0.0546875 0.2601851851851852