2 0.5583333333333333 0.0837962962962963 0.0203125 0.03796296296296296
1 0.7588541666666667 0.3560185185185185 0.04635416666666667 0.07592592592592592
3 0.5513020833333333 0.5120370370370371 0.06197916666666667 0.21388888888888888
3 0.5263020833333333 0.4305555555555556 0.065625 0.2037037037037037
3 0.6286458333333333 0.5583333333333333 0.06666666666666667 0.21666666666666667
3 0.6776041666666667 0.736574074074074 0.07864583333333333 0.23055555555555557
3 0.90859375 0.7430555555555556 0.078125 0.16203703703703703
3 0.178125 0.7361111111111112 0.05677083333333333 0.2759259259259259
3 0.24973958333333332 0.5009259259259259 0.0375 0.21944444444444444
3 0.17708333333333334 0.487962962962963 0.05416666666666667 0.22685185185185186
3 0.0796875 0.7810185185185186 0.06354166666666666 0.18888888888888888
3 0.6869791666666667 0.5407407407407407 0.0625 0.22685185185185186
0 0.71796875 0.46064814814814814 0.03854166666666667 0.18055555555555555
0 0.08020833333333334 0.5212962962962963 0.03697916666666667 0.23333333333333334
0 0.5645833333333333 0.825925925925926 0.0625 0.18703703703703703