2 0.47161458333333334 0.0699074074074074 0.019270833333333334 0.03333333333333333
1 0.6447916666666667 0.29953703703703705 0.035416666666666666 0.06759259259259259
3 0.43828125 0.42268518518518516 0.06354166666666666 0.16666666666666666
3 0.35546875 0.5157407407407407 0.0625 0.2074074074074074
3 0.36666666666666664 0.6365740740740741 0.07239583333333334 0.20277777777777778
3 0.25807291666666665 0.6995370370370371 0.04583333333333333 0.2518518518518518
3 0.278125 0.6444444444444445 0.0640625 0.2111111111111111
3 0.12578125 0.4337962962962963 0.0453125 0.1962962962962963
3 0.23151041666666666 0.3837962962962963 0.0359375 0.1787037037037037
3 0.575 0.5361111111111111 0.050520833333333334 0.20555555555555555
3 0.7770833333333333 0.6523148148148148 0.041666666666666664 0.1685185185185185
3 0.5341145833333333 0.7296296296296296 0.04479166666666667 0.18518518518518517
0 0.06796875 0.41435185185185186 0.04114583333333333 0.1814814814814815
0 0.6911458333333333 0.4074074074074074 0.033854166666666664 0.1648148148148148
0 0.4859375 0.7435185185185185 0.0609375 0.19074074074074074