2 0.4296875 0.2587962962962963 0.023958333333333335 0.044444444444444446
1 0.30885416666666665 0.2222222222222222 0.05260416666666667 0.11018518518518519
3 0.03828125 0.8398148148148148 0.0765625 0.31666666666666665
3 0.3138020833333333 0.43425925925925923 0.0875 0.37592592592592594
3 0.37057291666666664 0.7125 0.07083333333333333 0.33611111111111114
3 0.4432291666666667 0.7319444444444444 0.08645833333333333 0.2833333333333333
3 0.9731770833333333 0.6370370370370371 0.05364583333333333 0.37407407407407406
3 0.6473958333333333 0.5782407407407407 0.11145833333333334 0.32314814814814813
3 0.5010416666666667 0.5092592592592593 0.09427083333333333 0.275
3 0.5807291666666666 0.2657407407407407 0.06666666666666667 0.25555555555555554
3 0.5377604166666666 0.31527777777777777 0.07291666666666667 0.17592592592592593
0 0.8252604166666667 0.2611111111111111 0.0546875 0.26481481481481484