3 0.06744791666666666 0.500462962962963 0.04114583333333333 0.20277777777777778
3 0.15859375 0.49027777777777776 0.059375 0.19444444444444445
3 0.2596354166666667 0.5666666666666667 0.05520833333333333 0.21296296296296297
3 0.3645833333333333 0.7273148148148149 0.04635416666666667 0.2462962962962963
3 0.43046875 0.7347222222222223 0.0765625 0.2
3 0.60234375 0.6773148148148148 0.057291666666666664 0.1824074074074074
3 0.5658854166666667 0.65 0.06614583333333333 0.2074074074074074
3 0.49192708333333335 0.6037037037037037 0.0296875 0.21574074074074073
3 0.6197916666666666 0.46620370370370373 0.034375 0.14907407407407408
0 0.8013020833333333 0.6791666666666667 0.034375 0.20277777777777778
0 0.04010416666666667 0.8953703703703704 0.0671875 0.20925925925925926