2 0.6072916666666667 0.03935185185185185 0.025 0.04259259259259259
1 0.15208333333333332 0.2175925925925926 0.050520833333333334 0.08055555555555556
3 0.37057291666666664 0.3560185185185185 0.05 0.21388888888888888
3 0.40182291666666664 0.3060185185185185 0.04635416666666667 0.20277777777777778
3 0.2799479166666667 0.4041666666666667 0.051041666666666666 0.22407407407407406
3 0.24791666666666667 0.4074074074074074 0.0375 0.24074074074074073
3 0.2552083333333333 0.6194444444444445 0.058333333333333334 0.2638888888888889
3 0.7635416666666667 0.5819444444444445 0.06510416666666667 0.2518518518518518
3 0.8296875 0.5787037037037037 0.07604166666666666 0.30925925925925923
3 0.7489583333333333 0.3490740740740741 0.0453125 0.23148148148148148
3 0.68203125 0.3726851851851852 0.044270833333333336 0.21666666666666667
0 0.8328125 0.37175925925925923 0.04375 0.1925925925925926
0 0.3455729166666667 0.6837962962962963 0.059375 0.15092592592592594
0 0.19713541666666667 0.32407407407407407 0.0359375 0.18055555555555555