2 0.5739583333333333 0.23425925925925925 0.024479166666666666 0.037037037037037035
3 0.9776041666666667 0.7268518518518519 0.04479166666666667 0.30925925925925923
3 0.846875 0.6611111111111111 0.058854166666666666 0.3055555555555556
3 0.47421875 0.8680555555555556 0.08697916666666666 0.262037037037037
3 0.27447916666666666 0.6953703703703704 0.071875 0.27037037037037037
3 0.34609375 0.4393518518518518 0.0734375 0.2657407407407407
3 0.37864583333333335 0.3699074074074074 0.04895833333333333 0.23055555555555557
3 0.47708333333333336 0.449537037037037 0.05520833333333333 0.2490740740740741
3 0.5333333333333333 0.4111111111111111 0.0625 0.24259259259259258
3 0.6234375 0.4398148148148148 0.06458333333333334 0.24444444444444444
1 0.22239583333333332 0.30277777777777776 0.051041666666666666 0.09444444444444444
0 0.3221354166666667 0.9208333333333333 0.08177083333333333 0.15833333333333333