2 0.48515625 0.19722222222222222 0.021354166666666667 0.03611111111111111
0 0.03567708333333333 0.45740740740740743 0.05625 0.2351851851851852
3 0.2864583333333333 0.7824074074074074 0.08072916666666667 0.2064814814814815
3 0.52890625 0.6962962962962963 0.06822916666666666 0.2898148148148148
3 0.84140625 0.7680555555555556 0.0703125 0.24166666666666667
3 0.7119791666666667 0.700925925925926 0.058854166666666666 0.25925925925925924
3 0.803125 0.6412037037037037 0.04739583333333333 0.23148148148148148
3 0.5817708333333333 0.46805555555555556 0.06979166666666667 0.29074074074074074
3 0.6859375 0.5546296296296296 0.071875 0.22037037037037038
3 0.7135416666666666 0.5532407407407407 0.04635416666666667 0.15555555555555556
0 0.7716145833333333 0.42685185185185187 0.04479166666666667 0.2212962962962963
0 0.60546875 0.8393518518518519 0.07083333333333333 0.09722222222222222
1 0.6955729166666667 0.3277777777777778 0.050520833333333334 0.09814814814814815