3 0.9067708333333333 0.6962962962962963 0.05677083333333333 0.27037037037037037
3 0.978125 0.538425925925926 0.042708333333333334 0.15925925925925927
3 0.3255208333333333 0.7648148148148148 0.07916666666666666 0.2564814814814815
3 0.3489583333333333 0.6916666666666667 0.059895833333333336 0.2324074074074074
3 0.4203125 0.48703703703703705 0.041666666666666664 0.20925925925925926
3 0.49895833333333334 0.41805555555555557 0.0609375 0.18703703703703703
3 0.37213541666666666 0.4097222222222222 0.03802083333333333 0.1962962962962963
3 0.21145833333333333 0.6893518518518519 0.035416666666666666 0.1287037037037037
0 0.48671875 0.9175925925925926 0.051041666666666666 0.16296296296296298
0 0.81875 0.4162037037037037 0.0453125 0.2601851851851852
2 0.3302083333333333 0.3837962962962963 0.022395833333333334 0.03425925925925926