3 0.79296875 0.40694444444444444 0.052083333333333336 0.23703703703703705
3 0.7002604166666667 0.8296296296296296 0.0625 0.31203703703703706
3 0.71640625 0.611574074074074 0.08020833333333334 0.25833333333333336
3 0.5794270833333334 0.4375 0.0625 0.22592592592592592
3 0.51484375 0.7356481481481482 0.059895833333333336 0.2777777777777778
3 0.39348958333333334 0.5824074074074074 0.0671875 0.24537037037037038
3 0.3736979166666667 0.4398148148148148 0.0765625 0.225
3 0.40677083333333336 0.42268518518518516 0.03854166666666667 0.08425925925925926
3 0.37135416666666665 0.5476851851851852 0.0484375 0.25
0 0.4796875 0.8791666666666667 0.06510416666666667 0.24166666666666667
0 0.28880208333333335 0.3902777777777778 0.0375 0.23148148148148148