3 0.8700520833333333 0.48148148148148145 0.06510416666666667 0.2518518518518518
3 0.7463541666666667 0.5444444444444444 0.05520833333333333 0.26666666666666666
3 0.603125 0.5013888888888889 0.08020833333333334 0.33425925925925926
3 0.6234375 0.3347222222222222 0.04583333333333333 0.1962962962962963
3 0.3697916666666667 0.7541666666666667 0.07708333333333334 0.30462962962962964
3 0.40390625 0.5541666666666667 0.0734375 0.2324074074074074
3 0.40703125 0.48009259259259257 0.1109375 0.22314814814814815
3 0.4622395833333333 0.4685185185185185 0.06510416666666667 0.2222222222222222
0 0.057291666666666664 0.6865740740740741 0.051041666666666666 0.22777777777777777
0 0.7565104166666666 0.33194444444444443 0.03802083333333333 0.19166666666666668
0 0.74296875 0.8907407407407407 0.059895833333333336 0.21666666666666667
3 0.57109375 0.3976851851851852 0.04739583333333333 0.2