3 0.8213541666666667 0.5393518518518519 0.06302083333333333 0.1925925925925926
3 0.7645833333333333 0.5370370370370371 0.05677083333333333 0.2064814814814815
3 0.6575520833333334 0.42314814814814816 0.04739583333333333 0.19074074074074074
3 0.5114583333333333 0.487962962962963 0.0671875 0.15833333333333333
3 0.4315104166666667 0.4847222222222222 0.052083333333333336 0.16018518518518518
3 0.41119791666666666 0.6606481481481481 0.06927083333333334 0.20277777777777778
3 0.35598958333333336 0.6597222222222222 0.05416666666666667 0.18703703703703703
3 0.32708333333333334 0.5824074074074074 0.06145833333333333 0.18055555555555555
3 0.38567708333333334 0.5328703703703703 0.03854166666666667 0.11481481481481481
3 0.3885416666666667 0.4546296296296296 0.03177083333333333 0.10092592592592593
0 0.209375 0.4236111111111111 0.043229166666666666 0.15462962962962962
0 0.3846354166666667 0.8004629629629629 0.0546875 0.1648148148148148
0 0.89375 0.425 0.04010416666666667 0.175