3 0.4036458333333333 0.5740740740740741 0.0796875 0.2351851851851852
3 0.50546875 0.5912037037037037 0.06197916666666667 0.21666666666666667
3 0.6356770833333333 0.575925925925926 0.05 0.22314814814814815
3 0.8296875 0.7013888888888888 0.06510416666666667 0.2574074074074074
3 0.7130208333333333 0.4532407407407407 0.05677083333333333 0.17407407407407408
3 0.6877604166666667 0.39351851851851855 0.036458333333333336 0.17314814814814813
3 0.6588541666666666 0.4337962962962963 0.0453125 0.19537037037037036
3 0.59453125 0.40185185185185185 0.0515625 0.1527777777777778
0 0.5046875 0.7657407407407407 0.053125 0.1425925925925926
0 0.36354166666666665 0.399537037037037 0.03958333333333333 0.1425925925925926
0 0.80078125 0.37824074074074077 0.030729166666666665 0.16944444444444445