3 0.28203125 0.6462962962962963 0.06458333333333334 0.1935185185185185
3 0.3372395833333333 0.5657407407407408 0.0484375 0.175
3 0.51171875 0.48055555555555557 0.0578125 0.14814814814814814
3 0.4432291666666667 0.4351851851851852 0.0484375 0.16111111111111112
3 0.5791666666666667 0.42314814814814816 0.059375 0.13148148148148148
3 0.62578125 0.4925925925925926 0.0390625 0.17777777777777778
3 0.5028645833333333 0.6231481481481481 0.06822916666666666 0.1648148148148148
0 0.4979166666666667 0.8851851851851852 0.07135416666666666 0.22962962962962963
0 0.35494791666666664 0.43842592592592594 0.036458333333333336 0.17037037037037037
3 0.5315104166666667 0.7564814814814815 0.07604166666666666 0.22962962962962963
1 0.7234375 0.37916666666666665 0.0390625 0.06481481481481481
2 0.24427083333333333 0.4601851851851852 0.0203125 0.032407407407407406