3 0.759375 0.5708333333333333 0.059375 0.25555555555555554
3 0.7078125 0.5393518518518519 0.06145833333333333 0.2361111111111111
3 0.58671875 0.6513888888888889 0.05677083333333333 0.2861111111111111
3 0.434375 0.762962962962963 0.09947916666666666 0.24351851851851852
3 0.3546875 0.6222222222222222 0.05677083333333333 0.2574074074074074
3 0.41510416666666666 0.5046296296296297 0.033854166666666664 0.21944444444444444
3 0.5002604166666667 0.5537037037037037 0.05364583333333333 0.2361111111111111
3 0.5322916666666667 0.5060185185185185 0.040625 0.24722222222222223
0 0.33046875 0.4425925925925926 0.0359375 0.18518518518518517
0 0.49505208333333334 0.799074074074074 0.0828125 0.2175925925925926
0 0.9885416666666667 0.45740740740740743 0.022916666666666665 0.24166666666666667