3 0.34375 0.7935185185185185 0.0640625 0.23055555555555557
3 0.06171875 0.5967592592592592 0.07083333333333333 0.21203703703703702
3 0.19010416666666666 0.5643518518518519 0.075 0.1925925925925926
3 0.5111979166666667 0.6708333333333333 0.05364583333333333 0.19814814814814816
3 0.434375 0.4842592592592593 0.04895833333333333 0.15925925925925927
3 0.5416666666666666 0.5578703703703703 0.0453125 0.19074074074074074
3 0.59296875 0.5462962962962963 0.05260416666666667 0.15833333333333333
3 0.6520833333333333 0.7125 0.0578125 0.20462962962962963
3 0.6049479166666667 0.6828703703703703 0.05364583333333333 0.1787037037037037
3 0.6432291666666666 0.5643518518518519 0.05 0.1527777777777778
0 0.34010416666666665 0.4810185185185185 0.044270833333333336 0.20925925925925926
0 0.45286458333333335 0.9027777777777778 0.04791666666666667 0.19444444444444445