3 0.34036458333333336 0.8643518518518518 0.14739583333333334 0.2712962962962963
3 0.5760416666666667 0.6699074074074074 0.07447916666666667 0.31666666666666665
3 0.3692708333333333 0.6138888888888889 0.09479166666666666 0.2675925925925926
3 0.43463541666666666 0.5851851851851851 0.06979166666666667 0.27870370370370373
3 0.9239583333333333 0.45740740740740743 0.08177083333333333 0.2657407407407407
3 0.5565104166666667 0.34444444444444444 0.075 0.21481481481481482
3 0.4875 0.46064814814814814 0.057291666666666664 0.2777777777777778
3 0.34453125 0.5509259259259259 0.08020833333333334 0.2953703703703704
3 0.3763020833333333 0.4023148148148148 0.0640625 0.14537037037037037
0 0.4739583333333333 0.9004629629629629 0.08697916666666666 0.19444444444444445
0 0.31692708333333336 0.37407407407407406 0.049479166666666664 0.1824074074074074