1 0.2752604166666667 0.26296296296296295 0.049479166666666664 0.08611111111111111
3 0.1390625 0.5175925925925926 0.07760416666666667 0.25092592592592594
3 0.29635416666666664 0.5296296296296297 0.07447916666666667 0.29259259259259257
3 0.3341145833333333 0.5356481481481481 0.0640625 0.29444444444444445
3 0.3763020833333333 0.5092592592592593 0.05416666666666667 0.29814814814814816
3 0.42916666666666664 0.4041666666666667 0.0609375 0.2101851851851852
3 0.5765625 0.33796296296296297 0.08229166666666667 0.25925925925925924
3 0.971875 0.663425925925926 0.05625 0.3296296296296296
3 0.8729166666666667 0.7773148148148148 0.057291666666666664 0.2111111111111111
0 0.3963541666666667 0.8199074074074074 0.0796875 0.13518518518518519
0 0.19661458333333334 0.3685185185185185 0.05364583333333333 0.22870370370370371
3 0.22135416666666666 0.5625 0.06197916666666667 0.29444444444444445