3 0.38958333333333334 0.6805555555555556 0.0421875 0.19722222222222222
3 0.43333333333333335 0.65 0.0515625 0.20277777777777778
3 0.8966145833333333 0.4935185185185185 0.06822916666666666 0.1935185185185185
3 0.8309895833333333 0.48148148148148145 0.04739583333333333 0.1935185185185185
3 0.7596354166666667 0.562962962962963 0.043229166666666666 0.21574074074074073
3 0.6388020833333333 0.7300925925925926 0.0484375 0.24074074074074073
3 0.5674479166666667 0.7421296296296296 0.078125 0.20925925925925926
3 0.5182291666666666 0.5925925925925926 0.06770833333333333 0.2064814814814815
3 0.49765625 0.5458333333333333 0.028125 0.09351851851851851
2 0.40729166666666666 0.38425925925925924 0.01875 0.03333333333333333
0 0.19557291666666668 0.6805555555555556 0.04479166666666667 0.2074074074074074
0 0.946875 0.8939814814814815 0.07083333333333333 0.21203703703703702
3 0.37604166666666666 0.4703703703703704 0.04375 0.1361111111111111