3 0.6703125 0.4023148148148148 0.05 0.19722222222222222
3 0.8182291666666667 0.3287037037037037 0.050520833333333334 0.19074074074074074
3 0.7166666666666667 0.2800925925925926 0.0375 0.175
3 0.60234375 0.3138888888888889 0.04375 0.175
3 0.5565104166666667 0.5504629629629629 0.09635416666666667 0.20462962962962963
3 0.4265625 0.625 0.0484375 0.1675925925925926
3 0.3841145833333333 0.44351851851851853 0.034895833333333334 0.2
3 0.16223958333333333 0.5592592592592592 0.049479166666666664 0.13240740740740742
0 0.9296875 0.3277777777777778 0.053125 0.15462962962962962
0 0.2708333333333333 0.31342592592592594 0.036458333333333336 0.16203703703703703
0 0.48072916666666665 0.6560185185185186 0.04635416666666667 0.14351851851851852
1 0.32135416666666666 0.2074074074074074 0.029166666666666667 0.06481481481481481
2 0.7520833333333333 0.3662037037037037 0.021354166666666667 0.032407407407407406
3 0.7057291666666666 0.475462962962963 0.046875 0.2675925925925926