2 0.8229166666666666 0.4009259259259259 0.025520833333333333 0.03981481481481482
1 0.56484375 0.13564814814814816 0.04895833333333333 0.08611111111111111
3 0.7072916666666667 0.5189814814814815 0.10625 0.3425925925925926
3 0.5075520833333333 0.3611111111111111 0.04635416666666667 0.2564814814814815
3 0.4671875 0.33935185185185185 0.05364583333333333 0.22314814814814815
3 0.26927083333333335 0.5120370370370371 0.10572916666666667 0.2490740740740741
3 0.45078125 0.6856481481481481 0.08645833333333333 0.25833333333333336
3 0.3846354166666667 0.725 0.05364583333333333 0.28055555555555556
3 0.2908854166666667 0.16712962962962963 0.05520833333333333 0.2101851851851852
0 0.61640625 0.22268518518518518 0.03802083333333333 0.16018518518518518
0 0.27786458333333336 0.799074074074074 0.06302083333333333 0.2222222222222222