3 0.71796875 0.6462962962962963 0.06458333333333334 0.1935185185185185
3 0.6627604166666666 0.5657407407407408 0.0484375 0.175
3 0.48828125 0.48055555555555557 0.0578125 0.14814814814814814
3 0.5567708333333333 0.4351851851851852 0.0484375 0.16111111111111112
3 0.42083333333333334 0.42314814814814816 0.059375 0.13148148148148148
3 0.37421875 0.4925925925925926 0.0390625 0.17777777777777778
3 0.47890625 0.6069444444444444 0.08072916666666667 0.14444444444444443
0 0.5020833333333333 0.8851851851851852 0.07135416666666666 0.22962962962962963
0 0.6450520833333333 0.43842592592592594 0.036458333333333336 0.17037037037037037
3 0.46848958333333335 0.7564814814814815 0.07604166666666666 0.22962962962962963
1 0.2765625 0.37916666666666665 0.0390625 0.06481481481481481
2 0.7471354166666667 0.47962962962962963 0.0203125 0.03981481481481482