3 0.6830729166666667 0.8634259259259259 0.14739583333333334 0.2712962962962963
3 0.4122395833333333 0.6657407407407407 0.07447916666666667 0.31666666666666665
3 0.6307291666666667 0.6138888888888889 0.09479166666666666 0.2675925925925926
3 0.56328125 0.5981481481481481 0.06979166666666667 0.27870370370370373
3 0.09583333333333334 0.4550925925925926 0.07395833333333333 0.26296296296296295
3 0.45286458333333335 0.3453703703703704 0.075 0.21481481481481482
3 0.5125 0.46064814814814814 0.057291666666666664 0.2777777777777778
3 0.65546875 0.5509259259259259 0.08020833333333334 0.2953703703703704
3 0.6143229166666667 0.4074074074074074 0.0640625 0.14537037037037037
0 0.5260416666666666 0.9004629629629629 0.08697916666666666 0.19444444444444445
0 0.6830729166666667 0.37407407407407406 0.049479166666666664 0.1824074074074074