3 0.12552083333333333 0.6597222222222222 0.0453125 0.15092592592592594
3 0.38046875 0.5796296296296296 0.06458333333333334 0.21944444444444444
3 0.2875 0.362962962962963 0.05677083333333333 0.18518518518518517
3 0.4049479166666667 0.3731481481481482 0.05572916666666667 0.19814814814814816
3 0.65859375 0.5106481481481482 0.04635416666666667 0.21944444444444444
3 0.6348958333333333 0.48935185185185187 0.03697916666666667 0.20277777777777778
3 0.6005208333333333 0.513425925925926 0.044270833333333336 0.19444444444444445
3 0.6627604166666666 0.38287037037037036 0.04010416666666667 0.09722222222222222
0 0.8684895833333334 0.5824074074074074 0.04583333333333333 0.22685185185185186
0 0.33932291666666664 0.3226851851851852 0.041666666666666664 0.16944444444444445
0 0.16380208333333332 0.7680555555555556 0.059895833333333336 0.225