2 0.7283854166666667 0.4074074074074074 0.026041666666666668 0.037037037037037035
1 0.525 0.18888888888888888 0.04479166666666667 0.06944444444444445
3 0.39427083333333335 0.38101851851851853 0.071875 0.22962962962962963
3 0.22161458333333334 0.46111111111111114 0.05677083333333333 0.25833333333333336
3 0.2 0.3023148148148148 0.04479166666666667 0.18981481481481483
3 0.3333333333333333 0.6777777777777778 0.06458333333333334 0.32222222222222224
3 0.21119791666666668 0.7263888888888889 0.06666666666666667 0.2037037037037037
3 0.0203125 0.5634259259259259 0.040625 0.28425925925925927
0 0.037760416666666664 0.7856481481481481 0.06197916666666667 0.18425925925925926
0 0.10052083333333334 0.3060185185185185 0.07395833333333333 0.20092592592592592
0 0.87890625 0.5555555555555556 0.0390625 0.13240740740740742
3 0.6541666666666667 0.5833333333333334 0.07239583333333334 0.3194444444444444