3 0.32421875 0.40925925925925927 0.0390625 0.21203703703703702
3 0.17447916666666666 0.337037037037037 0.058333333333333334 0.18888888888888888
3 0.2752604166666667 0.2851851851851852 0.03802083333333333 0.1712962962962963
3 0.39765625 0.3138888888888889 0.04375 0.175
3 0.40989583333333335 0.5578703703703703 0.10677083333333333 0.19722222222222222
3 0.5734375 0.625 0.0484375 0.1675925925925926
3 0.6111979166666667 0.44675925925925924 0.044270833333333336 0.2064814814814815
3 0.834375 0.562962962962963 0.05625 0.1398148148148148
0 0.06953125 0.3300925925925926 0.0546875 0.16018518518518518
0 0.7221354166666667 0.31712962962962965 0.0359375 0.16944444444444445
0 0.5151041666666667 0.6578703703703703 0.044270833333333336 0.14722222222222223
1 0.6783854166666666 0.2074074074074074 0.034375 0.06481481481481481
2 0.25364583333333335 0.32731481481481484 0.0234375 0.03611111111111111
3 0.29765625 0.47129629629629627 0.04010416666666667 0.275