3 0.7466145833333333 0.6847222222222222 0.06927083333333334 0.20277777777777778
2 0.7559895833333333 0.399537037037037 0.017708333333333333 0.02962962962962963
3 0.6911458333333333 0.524074074074074 0.0546875 0.23796296296296296
3 0.5283854166666667 0.6263888888888889 0.0625 0.16111111111111112
3 0.5567708333333333 0.44351851851851853 0.05364583333333333 0.15555555555555556
3 0.48098958333333336 0.49027777777777776 0.05 0.1712962962962963
3 0.421875 0.43425925925925923 0.059895833333333336 0.13518518518518519
3 0.37265625 0.5046296296296297 0.042708333333333334 0.18425925925925926
3 0.4270833333333333 0.7407407407407407 0.04479166666666667 0.25092592592592594
0 0.5044270833333333 0.8888888888888888 0.0625 0.2222222222222222
0 0.6427083333333333 0.45185185185185184 0.033854166666666664 0.175
1 0.27682291666666664 0.38935185185185184 0.0390625 0.05740740740740741