2 0.6916666666666667 0.15416666666666667 0.019791666666666666 0.03611111111111111
1 0.3065104166666667 0.24537037037037038 0.04791666666666667 0.08611111111111111
3 0.7473958333333334 0.6537037037037037 0.07604166666666666 0.26851851851851855
3 0.6861979166666666 0.5236111111111111 0.0796875 0.28055555555555556
3 0.5125 0.600925925925926 0.07447916666666667 0.2638888888888889
3 0.27421875 0.5578703703703703 0.05260416666666667 0.2601851851851852
3 0.1734375 0.7032407407407407 0.06458333333333334 0.19074074074074074
3 0.39140625 0.4134259259259259 0.06354166666666666 0.2
3 0.3390625 0.3851851851851852 0.06458333333333334 0.22314814814814815
3 0.6549479166666666 0.34074074074074073 0.057291666666666664 0.22962962962962963
0 0.3109375 0.8115740740740741 0.075 0.22685185185185186
0 0.6403645833333333 0.2796296296296296 0.030729166666666665 0.175