0 0.0296875 0.6268518518518519 0.059375 0.2916666666666667
0 0.67734375 0.31712962962962965 0.057291666666666664 0.19166666666666668
0 0.8453125 0.7587962962962963 0.07760416666666667 0.262037037037037
3 0.82421875 0.39490740740740743 0.0546875 0.21388888888888888
3 0.50859375 0.7564814814814815 0.053125 0.18055555555555555
3 0.5559895833333334 0.7342592592592593 0.0515625 0.24722222222222223
3 0.5307291666666667 0.524537037037037 0.0640625 0.2222222222222222
3 0.36770833333333336 0.5333333333333333 0.06302083333333333 0.2351851851851852
3 0.34661458333333334 0.46111111111111114 0.05625 0.21388888888888888
3 0.4278645833333333 0.4217592592592593 0.06875 0.22037037037037038
3 0.4778645833333333 0.37777777777777777 0.05572916666666667 0.2101851851851852