3 0.334375 0.4148148148148148 0.04114583333333333 0.17314814814814813
3 0.19765625 0.33055555555555555 0.049479166666666664 0.18611111111111112
3 0.2984375 0.2791666666666667 0.03229166666666667 0.17314814814814813
3 0.38828125 0.32037037037037036 0.0625 0.16203703703703703
3 0.49270833333333336 0.5476851851851852 0.06822916666666666 0.18888888888888888
3 0.5734375 0.625 0.0484375 0.1675925925925926
3 0.6252604166666667 0.44351851851851853 0.03854166666666667 0.1935185185185185
3 0.8505208333333333 0.5574074074074075 0.052083333333333336 0.13703703703703704
0 0.08020833333333334 0.32083333333333336 0.04479166666666667 0.15092592592592594
0 0.7458333333333333 0.3111111111111111 0.034375 0.16574074074074074
0 0.534375 0.6537037037037037 0.052083333333333336 0.14722222222222223
1 0.6973958333333333 0.20555555555555555 0.036458333333333336 0.06388888888888888
2 0.26119791666666664 0.4356481481481482 0.025520833333333333 0.037037037037037035