1 0.35260416666666666 0.24814814814814815 0.042708333333333334 0.075
2 0.39453125 0.2824074074074074 0.027604166666666666 0.041666666666666664
3 0.25859375 0.6268518518518519 0.0578125 0.25925925925925924
3 0.16380208333333332 0.6833333333333333 0.057291666666666664 0.1537037037037037
3 0.5322916666666667 0.6643518518518519 0.058333333333333334 0.18981481481481483
3 0.63984375 0.7046296296296296 0.06979166666666667 0.1685185185185185
3 0.6059895833333333 0.5013888888888889 0.09322916666666667 0.2388888888888889
3 0.48854166666666665 0.2902777777777778 0.040625 0.15555555555555556
3 0.4700520833333333 0.4009259259259259 0.046875 0.18425925925925926
0 0.7432291666666667 0.30648148148148147 0.06145833333333333 0.19722222222222222
0 0.03723958333333333 0.6402777777777777 0.05260416666666667 0.25833333333333336
0 0.7848958333333333 0.7601851851851852 0.06822916666666666 0.21481481481481482