3 0.38645833333333335 0.33194444444444443 0.04375 0.20555555555555555
3 0.31354166666666666 0.3055555555555556 0.043229166666666666 0.22037037037037038
3 0.6916666666666667 0.3162037037037037 0.0578125 0.20555555555555555
3 0.7895833333333333 0.5875 0.06510416666666667 0.275
3 0.8174479166666667 0.37916666666666665 0.043229166666666666 0.24814814814814815
3 0.7830729166666667 0.36574074074074076 0.0359375 0.2175925925925926
3 0.6638020833333333 0.27361111111111114 0.035416666666666666 0.19074074074074074
2 0.25052083333333336 0.5310185185185186 0.041666666666666664 0.19444444444444445
0 0.24270833333333333 0.34120370370370373 0.06302083333333333 0.18611111111111112
0 0.8770833333333333 0.2912037037037037 0.0484375 0.1824074074074074
2 0.26015625 0.3435185185185185 0.021875 0.03888888888888889
1 0.91953125 0.1824074074074074 0.050520833333333334 0.07407407407407407