2 0.2716145833333333 0.4287037037037037 0.026041666666666668 0.03611111111111111
1 0.475 0.18888888888888888 0.04479166666666667 0.06944444444444445
3 0.6057291666666667 0.38101851851851853 0.071875 0.22962962962962963
3 0.7783854166666667 0.46111111111111114 0.05677083333333333 0.25833333333333336
3 0.8 0.3023148148148148 0.04479166666666667 0.18981481481481483
3 0.6666666666666666 0.6777777777777778 0.06458333333333334 0.32222222222222224
3 0.7888020833333333 0.7263888888888889 0.06666666666666667 0.2037037037037037
3 0.9796875 0.5634259259259259 0.040625 0.28425925925925927
0 0.9622395833333334 0.7856481481481481 0.06197916666666667 0.18425925925925926
0 0.8994791666666667 0.3060185185185185 0.07395833333333333 0.20092592592592592
0 0.12109375 0.5555555555555556 0.0390625 0.13240740740740742
3 0.34322916666666664 0.5981481481481481 0.07291666666666667 0.28425925925925927