1 0.3385416666666667 0.28379629629629627 0.042708333333333334 0.062037037037037036
2 0.4036458333333333 0.24259259259259258 0.016666666666666666 0.025
3 0.7463541666666667 0.6574074074074074 0.052083333333333336 0.22407407407407406
3 0.6502604166666667 0.5532407407407407 0.053125 0.20092592592592592
3 0.6182291666666667 0.3384259259259259 0.04010416666666667 0.16944444444444445
3 0.53828125 0.3675925925925926 0.04895833333333333 0.17685185185185184
3 0.46927083333333336 0.5310185185185186 0.06770833333333333 0.20092592592592592
3 0.45598958333333334 0.5041666666666667 0.06354166666666666 0.19074074074074074
3 0.33229166666666665 0.4689814814814815 0.0515625 0.1925925925925926
3 0.29973958333333334 0.47129629629629627 0.057291666666666664 0.20555555555555555
0 0.7895833333333333 0.7203703703703703 0.07708333333333334 0.2111111111111111
0 0.6486979166666667 0.3263888888888889 0.0359375 0.15925925925925927
0 0.10911458333333333 0.5884259259259259 0.044270833333333336 0.2111111111111111
3 0.41484375 0.41944444444444445 0.03333333333333333 0.18981481481481483