2 0.6453125 0.2 0.022916666666666665 0.03518518518518519
1 0.68671875 0.2833333333333333 0.050520833333333334 0.09444444444444444
3 0.88828125 0.5527777777777778 0.07864583333333333 0.27037037037037037
3 0.8205729166666667 0.4875 0.0546875 0.21388888888888888
3 0.6458333333333334 0.5259259259259259 0.06354166666666666 0.2388888888888889
3 0.5966145833333333 0.6703703703703704 0.0640625 0.3425925925925926
3 0.5263020833333333 0.5282407407407408 0.06197916666666667 0.2657407407407407
3 0.5145833333333333 0.41805555555555557 0.052083333333333336 0.22870370370370371
3 0.38697916666666665 0.7666666666666667 0.08333333333333333 0.337037037037037
3 0.28151041666666665 0.5416666666666666 0.07760416666666667 0.25555555555555554
0 0.027604166666666666 0.4 0.05520833333333333 0.22962962962962963
0 0.4622395833333333 0.9074074074074074 0.06510416666666667 0.18518518518518517
0 0.72734375 0.38842592592592595 0.04635416666666667 0.2101851851851852