3 0.07942708333333333 0.5856481481481481 0.08125 0.3037037037037037
3 0.23776041666666667 0.575 0.06197916666666667 0.26296296296296295
3 0.31197916666666664 0.5939814814814814 0.09270833333333334 0.2935185185185185
3 0.2552083333333333 0.8685185185185185 0.06614583333333333 0.26296296296296295
3 0.4979166666666667 0.6231481481481481 0.08854166666666667 0.325
3 0.66484375 0.7162037037037037 0.08333333333333333 0.30462962962962964
3 0.6151041666666667 0.674074074074074 0.06041666666666667 0.33425925925925926
3 0.36484375 0.36203703703703705 0.03802083333333333 0.24351851851851852
3 0.3296875 0.3541666666666667 0.04583333333333333 0.2324074074074074
0 0.4296875 0.9175925925925926 0.0828125 0.16296296296296298
0 0.5346354166666667 0.36064814814814816 0.06927083333333334 0.2111111111111111