3 0.19505208333333332 0.8412037037037037 0.08333333333333333 0.3074074074074074
3 0.4908854166666667 0.7481481481481481 0.08177083333333333 0.2814814814814815
3 0.27005208333333336 0.42962962962962964 0.0609375 0.21574074074074073
3 0.4166666666666667 0.5370370370370371 0.07447916666666667 0.20555555555555555
3 0.5044270833333333 0.4671296296296296 0.05520833333333333 0.2361111111111111
3 0.61953125 0.5777777777777777 0.06041666666666667 0.22870370370370371
3 0.5799479166666667 0.5689814814814815 0.04739583333333333 0.225
3 0.5364583333333334 0.5861111111111111 0.0640625 0.24259259259259258
0 0.20104166666666667 0.42824074074074076 0.05364583333333333 0.20277777777777778
0 0.2453125 0.9162037037037037 0.06458333333333334 0.1675925925925926
0 0.9700520833333334 0.7694444444444445 0.05364583333333333 0.26481481481481484