2 0.5283854166666667 0.0699074074074074 0.019270833333333334 0.03333333333333333
1 0.35520833333333335 0.29953703703703705 0.035416666666666666 0.06759259259259259
3 0.5619791666666667 0.42268518518518516 0.06354166666666666 0.16666666666666666
3 0.64453125 0.5157407407407407 0.0625 0.2074074074074074
3 0.6333333333333333 0.6365740740740741 0.07239583333333334 0.20277777777777778
3 0.7419270833333333 0.6995370370370371 0.04583333333333333 0.2518518518518518
3 0.721875 0.6444444444444445 0.0640625 0.2111111111111111
3 0.87421875 0.4337962962962963 0.0453125 0.1962962962962963
3 0.7684895833333333 0.3837962962962963 0.0359375 0.1787037037037037
3 0.425 0.5361111111111111 0.050520833333333334 0.20555555555555555
3 0.22291666666666668 0.6523148148148148 0.041666666666666664 0.1685185185185185
3 0.46588541666666666 0.7296296296296296 0.04479166666666667 0.18518518518518517
0 0.93203125 0.41435185185185186 0.04114583333333333 0.1814814814814815
0 0.30885416666666665 0.4074074074074074 0.033854166666666664 0.1648148148148148
0 0.5140625 0.7435185185185185 0.0609375 0.19074074074074074