2 0.6028645833333334 0.47453703703703703 0.0265625 0.037037037037037035
1 0.30130208333333336 0.17777777777777778 0.03958333333333333 0.07037037037037037
3 0.7130208333333333 0.39444444444444443 0.06302083333333333 0.17037037037037037
3 0.6778645833333333 0.45185185185185184 0.08125 0.2101851851851852
3 0.45546875 0.7106481481481481 0.0578125 0.20092592592592592
3 0.43333333333333335 0.6953703703703704 0.046875 0.19722222222222222
3 0.14401041666666667 0.6370370370370371 0.03802083333333333 0.16296296296296298
3 0.184375 0.649537037037037 0.0484375 0.1935185185185185
3 0.24921875 0.5361111111111111 0.05364583333333333 0.21388888888888888
3 0.33697916666666666 0.4773148148148148 0.065625 0.21851851851851853
0 0.7205729166666667 0.7675925925925926 0.059375 0.17685185185185184
0 0.6341145833333334 0.1875 0.03697916666666667 0.17037037037037037
0 0.01015625 0.5675925925925925 0.0203125 0.1787037037037037