1 0.596875 0.23796296296296296 0.0453125 0.07962962962962963
2 0.46979166666666666 0.475462962962963 0.023958333333333335 0.032407407407407406
3 0.15677083333333333 0.35462962962962963 0.0671875 0.21666666666666667
3 0.34375 0.3300925925925926 0.057291666666666664 0.22037037037037038
3 0.38671875 0.4300925925925926 0.051041666666666666 0.21388888888888888
3 0.4153645833333333 0.3851851851851852 0.0515625 0.22314814814814815
3 0.625 0.6444444444444445 0.06145833333333333 0.23333333333333334
3 0.6854166666666667 0.6166666666666667 0.05260416666666667 0.22685185185185186
3 0.75078125 0.5986111111111111 0.06666666666666667 0.1925925925925926
3 0.7611979166666667 0.6694444444444444 0.04895833333333333 0.1425925925925926
0 0.6802083333333333 0.36018518518518516 0.04114583333333333 0.22870370370370371