0 0.52578125 0.28055555555555556 0.0484375 0.175
0 0.22473958333333333 0.7962962962962963 0.0625 0.20925925925925926
3 0.4125 0.5041666666666667 0.0515625 0.2537037037037037
3 0.4203125 0.4337962962962963 0.04635416666666667 0.20925925925925926
3 0.365625 0.4648148148148148 0.078125 0.25555555555555554
3 0.36432291666666666 0.37962962962962965 0.04114583333333333 0.21666666666666667
3 0.27760416666666665 0.7171296296296297 0.04479166666666667 0.26481481481481484
3 0.22734375 0.7087962962962963 0.0453125 0.21944444444444444
3 0.6536458333333334 0.6356481481481482 0.058854166666666666 0.1787037037037037
3 0.7455729166666667 0.7037037037037037 0.050520833333333334 0.18796296296296297
3 0.19270833333333334 0.2439814814814815 0.04739583333333333 0.23148148148148148