2 0.3033854166666667 0.16944444444444445 0.019791666666666666 0.03611111111111111
1 0.6934895833333333 0.24537037037037038 0.04791666666666667 0.08611111111111111
3 0.25286458333333334 0.6537037037037037 0.07604166666666666 0.26851851851851855
3 0.3138020833333333 0.5236111111111111 0.0796875 0.28055555555555556
3 0.4875 0.600925925925926 0.07447916666666667 0.2638888888888889
3 0.72578125 0.5578703703703703 0.05260416666666667 0.2601851851851852
3 0.8265625 0.7032407407407407 0.06458333333333334 0.19074074074074074
3 0.60859375 0.4134259259259259 0.06354166666666666 0.2
3 0.6609375 0.3851851851851852 0.06458333333333334 0.22314814814814815
3 0.3450520833333333 0.34074074074074073 0.057291666666666664 0.22962962962962963
0 0.6890625 0.8115740740740741 0.075 0.22685185185185186
0 0.35963541666666665 0.2796296296296296 0.030729166666666665 0.175
0 0.7005208333333334 0.32222222222222224 0.036458333333333336 0.15648148148148147