1 0.6682291666666667 0.2763888888888889 0.04375 0.07777777777777778
3 0.03307291666666667 0.5421296296296296 0.06614583333333333 0.2638888888888889
3 0.215625 0.7717592592592593 0.10572916666666667 0.2351851851851852
3 0.50078125 0.762962962962963 0.07239583333333334 0.24814814814814815
3 0.42552083333333335 0.37083333333333335 0.07604166666666666 0.21574074074074073
3 0.7697916666666667 0.750462962962963 0.08541666666666667 0.275
3 0.5908854166666667 0.5393518518518519 0.0609375 0.2916666666666667
3 0.678125 0.575462962962963 0.08333333333333333 0.2935185185185185
3 0.7770833333333333 0.575 0.058333333333333334 0.2759259259259259
3 0.69765625 0.44814814814814813 0.0609375 0.14074074074074075
2 0.7119791666666667 0.5777777777777777 0.0234375 0.03611111111111111
0 0.62265625 0.8106481481481481 0.0640625 0.15462962962962962
0 0.7247395833333333 0.3875 0.04010416666666667 0.22870370370370371
3 0.5291666666666667 0.49398148148148147 0.07916666666666666 0.2601851851851852