0 0.4005208333333333 0.812037037037037 0.071875 0.15555555555555556
0 0.93984375 0.39537037037037037 0.06822916666666666 0.23796296296296296
0 0.21796875 0.38055555555555554 0.059375 0.2351851851851852
3 0.7578125 0.7736111111111111 0.08072916666666667 0.23333333333333334
3 0.88203125 0.6212962962962963 0.06510416666666667 0.30925925925925923
3 0.9671875 0.6125 0.065625 0.2916666666666667
3 0.2981770833333333 0.5824074074074074 0.07864583333333333 0.2324074074074074
3 0.3458333333333333 0.5254629629629629 0.07916666666666666 0.25925925925925924
3 0.384375 0.5 0.052083333333333336 0.2657407407407407
3 0.42578125 0.4125 0.0546875 0.2490740740740741
3 0.5041666666666667 0.3314814814814815 0.06770833333333333 0.25092592592592594
3 0.26484375 0.48009259259259257 0.052083333333333336 0.2351851851851852