3 0.665625 0.4148148148148148 0.04114583333333333 0.17314814814814813
3 0.8 0.32916666666666666 0.04479166666666667 0.18333333333333332
3 0.7015625 0.2791666666666667 0.03229166666666667 0.17314814814814813
3 0.61171875 0.32037037037037036 0.0625 0.16203703703703703
3 0.49583333333333335 0.549074074074074 0.0453125 0.1925925925925926
3 0.4265625 0.625 0.0484375 0.1675925925925926
3 0.37473958333333335 0.44351851851851853 0.03854166666666667 0.1935185185185185
3 0.14947916666666666 0.5574074074074075 0.052083333333333336 0.13703703703703704
0 0.9197916666666667 0.32083333333333336 0.04479166666666667 0.15092592592592594
0 0.25416666666666665 0.3111111111111111 0.034375 0.16574074074074074
0 0.465625 0.6537037037037037 0.052083333333333336 0.14722222222222223
1 0.3026041666666667 0.20555555555555555 0.036458333333333336 0.06388888888888888
2 0.7369791666666666 0.45 0.0234375 0.03611111111111111