3 0.10260416666666666 0.8004629629629629 0.09375 0.2824074074074074
3 0.13854166666666667 0.4388888888888889 0.052083333333333336 0.24537037037037038
3 0.29244791666666664 0.4486111111111111 0.04635416666666667 0.2361111111111111
3 0.39088541666666665 0.6458333333333334 0.09583333333333334 0.2796296296296296
3 0.6184895833333334 0.5601851851851852 0.059895833333333336 0.24259259259259258
3 0.80546875 0.6800925925925926 0.1171875 0.17037037037037037
3 0.7520833333333333 0.5055555555555555 0.05 0.22407407407407406
3 0.5645833333333333 0.5291666666666667 0.04375 0.22870370370370371
3 0.53984375 0.49907407407407406 0.0453125 0.25925925925925924
0 0.59609375 0.3680555555555556 0.04791666666666667 0.19537037037037036
0 0.5924479166666666 0.8449074074074074 0.065625 0.2814814814814815