2 0.4822916666666667 0.2865740740740741 0.016666666666666666 0.025
3 0.3223958333333333 0.7828703703703703 0.05677083333333333 0.21296296296296297
3 0.5497395833333333 0.7037037037037037 0.07083333333333333 0.29259259259259257
3 0.86015625 0.7685185185185185 0.0640625 0.24074074074074073
3 0.7072916666666667 0.6865740740740741 0.05677083333333333 0.2564814814814815
3 0.7921875 0.6296296296296297 0.059895833333333336 0.25462962962962965
3 0.5893229166666667 0.5263888888888889 0.0609375 0.24074074074074073
3 0.6716145833333333 0.5583333333333333 0.04583333333333333 0.19444444444444445
0 0.040364583333333336 0.4532407407407407 0.06510416666666667 0.22962962962962963
0 0.6044270833333333 0.8333333333333334 0.06614583333333333 0.10833333333333334
0 0.77890625 0.4263888888888889 0.0484375 0.22314814814814815
1 0.69453125 0.32407407407407407 0.04739583333333333 0.08611111111111111