2 0.34661458333333334 0.36018518518518516 0.025520833333333333 0.04722222222222222
3 0.05078125 0.6273148148148148 0.0625 0.3212962962962963
3 0.10052083333333334 0.7171296296296297 0.07239583333333334 0.31851851851851853
3 0.17213541666666668 0.7462962962962963 0.0875 0.2833333333333333
3 0.6875 0.6953703703703704 0.053125 0.3296296296296296
3 0.74140625 0.6726851851851852 0.096875 0.31296296296296294
3 0.5111979166666667 0.513425925925926 0.0859375 0.25277777777777777
3 0.6294270833333333 0.4935185185185185 0.0734375 0.2388888888888889
3 0.57109375 0.5259259259259259 0.08177083333333333 0.19907407407407407
1 0.7296875 0.26342592592592595 0.057291666666666664 0.09537037037037037
0 0.14739583333333334 0.39537037037037037 0.071875 0.26666666666666666
0 0.40572916666666664 0.8263888888888888 0.06927083333333334 0.13055555555555556
0 0.7729166666666667 0.3851851851851852 0.06302083333333333 0.19537037037037036