2 0.4515625 0.07083333333333333 0.025 0.040740740740740744
1 0.23671875 0.3486111111111111 0.04635416666666667 0.07592592592592592
3 0.44114583333333335 0.49583333333333335 0.06197916666666667 0.21388888888888888
3 0.46432291666666664 0.41574074074074074 0.065625 0.2037037037037037
3 0.36484375 0.5486111111111112 0.06666666666666667 0.21666666666666667
3 0.31953125 0.7375 0.07864583333333333 0.23055555555555557
3 0.07291666666666667 0.7379629629629629 0.078125 0.16203703703703703
3 0.8174479166666667 0.7194444444444444 0.06302083333333333 0.29074074074074074
3 0.7502604166666667 0.5009259259259259 0.0375 0.21944444444444444
3 0.8229166666666666 0.487962962962963 0.05416666666666667 0.22685185185185186
3 0.9135416666666667 0.7671296296296296 0.06510416666666667 0.2222222222222222
3 0.31302083333333336 0.5407407407407407 0.0625 0.22685185185185186
0 0.27395833333333336 0.44907407407407407 0.03854166666666667 0.18055555555555555
0 0.91171875 0.5074074074074074 0.03697916666666667 0.23333333333333334
0 0.42682291666666666 0.812962962962963 0.06302083333333333 0.20277777777777778