0 0.1859375 0.41435185185185186 0.05625 0.24537037037037038
0 0.446875 0.8226851851851852 0.07864583333333333 0.1361111111111111
3 0.33046875 0.7875 0.09010416666666667 0.20277777777777778
3 0.9552083333333333 0.5425925925925926 0.08958333333333333 0.2851851851851852
3 0.7466145833333333 0.48703703703703705 0.07447916666666667 0.26851851851851855
3 0.38046875 0.5958333333333333 0.0640625 0.2962962962962963
3 0.34765625 0.5657407407407408 0.06354166666666666 0.30277777777777776
3 0.24921875 0.5861111111111111 0.04479166666666667 0.2824074074074074
3 0.29244791666666664 0.5527777777777778 0.06927083333333334 0.26851851851851855
2 0.24583333333333332 0.4212962962962963 0.025 0.03333333333333333
1 0.26979166666666665 0.2865740740740741 0.0484375 0.09166666666666666