3 0.059895833333333336 0.5018518518518519 0.06302083333333333 0.20277777777777778
3 0.15338541666666666 0.4847222222222222 0.059375 0.19444444444444445
3 0.27005208333333336 0.5694444444444444 0.05520833333333333 0.21296296296296297
3 0.3645833333333333 0.7273148148148149 0.04635416666666667 0.2462962962962963
3 0.43046875 0.7347222222222223 0.0765625 0.2
3 0.60390625 0.674074074074074 0.058854166666666666 0.19166666666666668
3 0.5658854166666667 0.65 0.06614583333333333 0.2074074074074074
3 0.49192708333333335 0.6037037037037037 0.0296875 0.21574074074074073
3 0.6197916666666666 0.46620370370370373 0.034375 0.14907407407407408
0 0.8013020833333333 0.6791666666666667 0.034375 0.20277777777777778
0 0.03359375 0.8930555555555556 0.0671875 0.20925925925925926