3 0.19609375 0.6129629629629629 0.07447916666666667 0.2833333333333333
3 0.5739583333333333 0.7375 0.08541666666666667 0.2916666666666667
3 0.4705729166666667 0.6689814814814815 0.059895833333333336 0.27314814814814814
3 0.7229166666666667 0.45925925925925926 0.046875 0.21666666666666667
3 0.3046875 0.5398148148148149 0.08333333333333333 0.24444444444444444
3 0.4046875 0.49953703703703706 0.059375 0.20092592592592592
3 0.5114583333333333 0.5185185185185185 0.051041666666666666 0.25555555555555554
3 0.51796875 0.3143518518518518 0.0578125 0.1935185185185185
3 0.45729166666666665 0.46435185185185185 0.053125 0.23055555555555557
3 0.4828125 0.3662037037037037 0.05 0.12314814814814815
0 0.3015625 0.3648148148148148 0.04635416666666667 0.2111111111111111
0 0.3494791666666667 0.7523148148148148 0.057291666666666664 0.2101851851851852
1 0.35260416666666666 0.25324074074074077 0.041666666666666664 0.07314814814814814