3 0.3971354166666667 0.3314814814814815 0.043229166666666666 0.20462962962962963
3 0.321875 0.3050925925925926 0.0453125 0.21944444444444444
3 0.6947916666666667 0.3148148148148148 0.05520833333333333 0.2037037037037037
3 0.7895833333333333 0.5875 0.06510416666666667 0.275
3 0.8244791666666667 0.3763888888888889 0.04583333333333333 0.24166666666666667
3 0.7880208333333333 0.36203703703703705 0.026041666666666668 0.20925925925925926
3 0.6731770833333334 0.27037037037037037 0.033854166666666664 0.18703703703703703
2 0.25052083333333336 0.5310185185185186 0.041666666666666664 0.19444444444444445
0 0.24270833333333333 0.34120370370370373 0.06302083333333333 0.18611111111111112
0 0.8869791666666667 0.29074074074074074 0.049479166666666664 0.1814814814814815
0 0.7325520833333333 0.6763888888888889 0.06145833333333333 0.15925925925925927
2 0.24557291666666667 0.40046296296296297 0.022395833333333334 0.04351851851851852
1 0.9265625 0.18194444444444444 0.050520833333333334 0.07314814814814814