2 0.425 0.24351851851851852 0.0203125 0.03518518518518519
3 0.4395833333333333 0.4564814814814815 0.059375 0.2324074074074074
3 0.5229166666666667 0.37592592592592594 0.065625 0.21296296296296297
3 0.6848958333333334 0.33287037037037037 0.0734375 0.22592592592592592
3 0.7552083333333334 0.5574074074074075 0.090625 0.24351851851851852
3 0.621875 0.7810185185185186 0.06979166666666667 0.29814814814814816
3 0.47994791666666664 0.6680555555555555 0.06197916666666667 0.24444444444444444
3 0.9703125 0.6421296296296296 0.059375 0.2712962962962963
0 0.9067708333333333 0.3384259259259259 0.058854166666666666 0.19722222222222222
0 0.42630208333333336 0.8398148148148148 0.065625 0.2861111111111111
0 0.24791666666666667 0.3453703703703704 0.046875 0.20925925925925926
1 0.31276041666666665 0.25462962962962965 0.04479166666666667 0.08148148148148149