2 0.48411458333333335 0.04259259259259259 0.025 0.040740740740740744
1 0.228125 0.32916666666666666 0.04635416666666667 0.07592592592592592
3 0.43645833333333334 0.48935185185185187 0.06197916666666667 0.21388888888888888
3 0.45208333333333334 0.3972222222222222 0.065625 0.2037037037037037
3 0.35911458333333335 0.5254629629629629 0.06666666666666667 0.21666666666666667
3 0.3182291666666667 0.7300925925925926 0.06614583333333333 0.21574074074074073
3 0.05807291666666667 0.7157407407407408 0.078125 0.16203703703703703
3 0.8098958333333334 0.6990740740740741 0.06302083333333333 0.29074074074074074
3 0.7411458333333333 0.48657407407407405 0.0375 0.21944444444444444
3 0.8169270833333333 0.4634259259259259 0.05416666666666667 0.22685185185185186
3 0.8958333333333334 0.7574074074074074 0.06510416666666667 0.2222222222222222
3 0.3015625 0.5162037037037037 0.0625 0.22685185185185186
0 0.26536458333333335 0.4263888888888889 0.03854166666666667 0.18055555555555555
0 0.90546875 0.4925925925925926 0.03697916666666667 0.23333333333333334
0 0.42083333333333334 0.8041666666666667 0.06302083333333333 0.20277777777777778