0 0.11432291666666666 0.7791666666666667 0.0421875 0.30462962962962964
0 0.9385416666666667 0.45092592592592595 0.0515625 0.2462962962962963
0 0.96953125 0.9231481481481482 0.0609375 0.1537037037037037
3 0.64296875 0.45555555555555555 0.07604166666666666 0.19722222222222222
3 0.6067708333333334 0.7597222222222222 0.07239583333333334 0.17592592592592593
3 0.40729166666666666 0.799074074074074 0.046875 0.10277777777777777
3 0.28151041666666665 0.7578703703703704 0.06041666666666667 0.18796296296296297
3 0.44609375 0.7055555555555556 0.09322916666666667 0.2898148148148148
3 0.5171875 0.6587962962962963 0.04479166666666667 0.2833333333333333
3 0.47109375 0.586574074074074 0.043229166666666666 0.23981481481481481
3 0.5052083333333334 0.475462962962963 0.0296875 0.06759259259259259
3 0.5434895833333333 0.6 0.03802083333333333 0.2212962962962963