3 0.7513020833333334 0.6930555555555555 0.10572916666666667 0.25925925925925924
3 0.3020833333333333 0.6560185185185186 0.07552083333333333 0.26481481481481484
3 0.26979166666666665 0.5893518518518519 0.05677083333333333 0.23055555555555557
3 0.178125 0.48703703703703705 0.059895833333333336 0.25555555555555554
3 0.44921875 0.3675925925925926 0.06770833333333333 0.1925925925925926
3 0.4901041666666667 0.5462962962962963 0.06770833333333333 0.2101851851851852
3 0.5557291666666667 0.5189814814814815 0.0546875 0.22870370370370371
3 0.6135416666666667 0.5055555555555555 0.07552083333333333 0.23333333333333334
3 0.5192708333333333 0.43194444444444446 0.03958333333333333 0.21574074074074073
3 0.54921875 0.3851851851851852 0.03697916666666667 0.1527777777777778
0 0.5380208333333333 0.7921296296296296 0.058854166666666666 0.22870370370370371
0 0.026822916666666665 0.3597222222222222 0.05364583333333333 0.1962962962962963
0 0.6518229166666667 0.34675925925925927 0.034375 0.15092592592592594