2 0.1859375 0.3824074074074074 0.025520833333333333 0.03981481481481482
1 0.43671875 0.13703703703703704 0.04895833333333333 0.08611111111111111
3 0.2986979166666667 0.5097222222222222 0.10625 0.3425925925925926
3 0.5015625 0.36527777777777776 0.04635416666666667 0.2564814814814815
3 0.5328125 0.33935185185185185 0.05364583333333333 0.22314814814814815
3 0.7307291666666667 0.5120370370370371 0.10572916666666667 0.2490740740740741
3 0.5520833333333334 0.674074074074074 0.08645833333333333 0.25833333333333336
3 0.6153645833333333 0.725 0.05364583333333333 0.28055555555555556
3 0.7091145833333333 0.16712962962962963 0.05520833333333333 0.2101851851851852
0 0.39036458333333335 0.22824074074074074 0.03802083333333333 0.16018518518518518
0 0.7221354166666667 0.799074074074074 0.06302083333333333 0.2222222222222222