1 0.71640625 0.20416666666666666 0.0296875 0.06296296296296296
3 0.35598958333333336 0.45046296296296295 0.057291666666666664 0.19722222222222222
3 0.37526041666666665 0.3314814814814815 0.04895833333333333 0.14074074074074075
3 0.21510416666666668 0.33796296296296297 0.046875 0.17592592592592593
3 0.31223958333333335 0.2865740740740741 0.04583333333333333 0.1638888888888889
3 0.13489583333333333 0.5236111111111111 0.08697916666666666 0.17314814814814813
3 0.23463541666666668 0.5157407407407407 0.058333333333333334 0.16574074074074074
3 0.64765625 0.44212962962962965 0.05416666666666667 0.19537037037037036
3 0.8760416666666667 0.5597222222222222 0.051041666666666666 0.13333333333333333
3 0.58359375 0.5375 0.0640625 0.1814814814814815
0 0.06927083333333334 0.3189814814814815 0.03333333333333333 0.15185185185185185
0 0.7651041666666667 0.31157407407407406 0.03854166666666667 0.16296296296296298
2 0.14010416666666667 0.5601851851851852 0.0203125 0.03148148148148148
0 0.5807291666666666 0.6583333333333333 0.050520833333333334 0.16203703703703703