2 0.36328125 0.42083333333333334 0.022395833333333334 0.03981481481481482
3 0.035416666666666666 0.3731481481481482 0.06927083333333334 0.20925925925925926
3 0.23984375 0.44074074074074077 0.075 0.2361111111111111
3 0.35833333333333334 0.32037037037037036 0.07083333333333333 0.21481481481481482
3 0.44557291666666665 0.38425925925925924 0.07135416666666666 0.21851851851851853
3 0.653125 0.36203703703703705 0.06666666666666667 0.21203703703703702
3 0.6645833333333333 0.5745370370370371 0.08125 0.2361111111111111
3 0.8794270833333333 0.625 0.08385416666666666 0.24537037037037038
3 0.39479166666666665 0.524537037037037 0.051041666666666666 0.2777777777777778
0 0.5557291666666667 0.7171296296296297 0.08125 0.2759259259259259
0 0.06171875 0.30185185185185187 0.04895833333333333 0.1935185185185185
0 0.740625 0.33564814814814814 0.044270833333333336 0.20555555555555555
1 0.6846354166666667 0.17731481481481481 0.046875 0.0787037037037037