2 0.43255208333333334 0.22453703703703703 0.021354166666666667 0.03611111111111111
1 0.4010416666666667 0.274537037037037 0.04583333333333333 0.08796296296296297
3 0.96796875 0.5425925925925926 0.0640625 0.2712962962962963
3 0.5838541666666667 0.7851851851851852 0.059375 0.2833333333333333
3 0.21510416666666668 0.7421296296296296 0.06770833333333333 0.2722222222222222
3 0.51953125 0.6689814814814815 0.0609375 0.27037037037037037
3 0.5513020833333333 0.5300925925925926 0.07291666666666667 0.22407407407407406
3 0.4901041666666667 0.5662037037037037 0.06041666666666667 0.2324074074074074
0 0.4088541666666667 0.8009259259259259 0.059375 0.27870370370370373
0 0.9466145833333334 0.35555555555555557 0.06145833333333333 0.1925925925925926
0 0.3729166666666667 0.35 0.0515625 0.15