0 0.8140625 0.41435185185185186 0.05625 0.24537037037037038
0 0.553125 0.8226851851851852 0.07864583333333333 0.1361111111111111
3 0.66953125 0.7875 0.09010416666666667 0.20277777777777778
3 0.04479166666666667 0.5425925925925926 0.08958333333333333 0.2851851851851852
3 0.25338541666666664 0.48703703703703705 0.07447916666666667 0.26851851851851855
3 0.61953125 0.5958333333333333 0.0640625 0.2962962962962963
3 0.65234375 0.5657407407407408 0.06354166666666666 0.30277777777777776
3 0.75078125 0.5861111111111111 0.04479166666666667 0.2824074074074074
3 0.7075520833333333 0.5527777777777778 0.06927083333333334 0.26851851851851855
2 0.7541666666666667 0.4212962962962963 0.025 0.03333333333333333
1 0.7302083333333333 0.2865740740740741 0.0484375 0.09166666666666666