3 0.7752604166666667 0.3972222222222222 0.040625 0.2833333333333333
3 0.7453125 0.4444444444444444 0.0484375 0.2324074074074074
3 0.69609375 0.6555555555555556 0.049479166666666664 0.2657407407407407
3 0.5981770833333333 0.5351851851851852 0.06302083333333333 0.25092592592592594
3 0.4825520833333333 0.6796296296296296 0.07552083333333333 0.25833333333333336
3 0.37994791666666666 0.5888888888888889 0.08854166666666667 0.24166666666666667
3 0.49453125 0.40046296296296297 0.05260416666666667 0.18518518518518517
3 0.48515625 0.33425925925925926 0.04791666666666667 0.1648148148148148
2 0.5770833333333333 0.046296296296296294 0.020833333333333332 0.03611111111111111
0 0.6520833333333333 0.3509259259259259 0.05416666666666667 0.1925925925925926
0 0.7463541666666667 0.7925925925925926 0.05416666666666667 0.2111111111111111
0 0.08411458333333334 0.5722222222222222 0.0453125 0.24444444444444444
1 0.31328125 0.2833333333333333 0.04010416666666667 0.07037037037037037
3 0.1640625 0.6787037037037037 0.0640625 0.25555555555555554
3 0.34036458333333336 0.5546296296296296 0.0578125 0.22592592592592592