2 0.29375 0.2851851851851852 0.01875 0.032407407407407406
3 0.39114583333333336 0.4310185185185185 0.10729166666666666 0.25
3 0.4010416666666667 0.562962962962963 0.071875 0.2351851851851852
3 0.14296875 0.6111111111111112 0.06822916666666666 0.2574074074074074
3 0.33229166666666665 0.725462962962963 0.06458333333333334 0.2638888888888889
3 0.5979166666666667 0.5902777777777778 0.05520833333333333 0.22685185185185186
3 0.94296875 0.6620370370370371 0.0671875 0.22777777777777777
3 0.8479166666666667 0.5689814814814815 0.084375 0.21574074074074073
3 0.7520833333333333 0.5370370370370371 0.06458333333333334 0.24259259259259258
3 0.7158854166666667 0.4527777777777778 0.05572916666666667 0.21851851851851853
1 0.7703125 0.2601851851851852 0.0375 0.07314814814814814
0 0.5895833333333333 0.749537037037037 0.05520833333333333 0.22314814814814815
0 0.10026041666666667 0.35555555555555557 0.06822916666666666 0.18518518518518517
0 0.8182291666666667 0.3523148148148148 0.040625 0.1527777777777778