2 0.48802083333333335 0.4412037037037037 0.025520833333333333 0.040740740740740744
1 0.5666666666666667 0.2865740740740741 0.05 0.07037037037037037
3 0.3776041666666667 0.3638888888888889 0.06041666666666667 0.1935185185185185
3 0.38385416666666666 0.5601851851851852 0.07604166666666666 0.23981481481481481
3 0.6778645833333333 0.7564814814814815 0.06979166666666667 0.19074074074074074
3 0.696875 0.6222222222222222 0.057291666666666664 0.0962962962962963
3 0.5565104166666667 0.5615740740740741 0.096875 0.32407407407407407
3 0.47213541666666664 0.43796296296296294 0.036458333333333336 0.09259259259259259
3 0.44635416666666666 0.5458333333333333 0.08177083333333333 0.2212962962962963
0 0.12942708333333333 0.85 0.07291666666666667 0.2953703703703704
0 0.83828125 0.6694444444444444 0.04114583333333333 0.2675925925925926
0 0.12473958333333333 0.38842592592592595 0.0421875 0.21296296296296297