3 0.20130208333333333 0.8439814814814814 0.07760416666666667 0.30648148148148147
3 0.49322916666666666 0.7467592592592592 0.07708333333333334 0.27870370370370373
3 0.2716145833333333 0.4287037037037037 0.0578125 0.21388888888888888
3 0.42161458333333335 0.5365740740740741 0.06458333333333334 0.2037037037037037
3 0.50625 0.46620370370370373 0.0515625 0.23425925925925925
3 0.61953125 0.5777777777777777 0.06041666666666667 0.22870370370370371
3 0.5799479166666667 0.5689814814814815 0.04739583333333333 0.225
3 0.5364583333333334 0.5861111111111111 0.0640625 0.24259259259259258
0 0.20104166666666667 0.42824074074074076 0.05364583333333333 0.20277777777777778
0 0.2604166666666667 0.9162037037037037 0.06458333333333334 0.1675925925925926
0 0.9705729166666667 0.7662037037037037 0.04791666666666667 0.25833333333333336