2 0.3424479166666667 0.3597222222222222 0.01875 0.027777777777777776
1 0.7177083333333333 0.2550925925925926 0.04479166666666667 0.0787037037037037
3 0.14036458333333332 0.4134259259259259 0.04635416666666667 0.225
3 0.5815104166666667 0.3648148148148148 0.06197916666666667 0.22407407407407406
3 0.4708333333333333 0.3055555555555556 0.06041666666666667 0.18703703703703703
3 0.43671875 0.5287037037037037 0.0890625 0.22685185185185186
3 0.6356770833333333 0.6222222222222222 0.059895833333333336 0.27037037037037037
3 0.6723958333333333 0.45787037037037037 0.06666666666666667 0.21203703703703702
3 0.76953125 0.6601851851851852 0.05677083333333333 0.12037037037037036
0 0.5200520833333333 0.7898148148148149 0.09114583333333333 0.17592592592592593
0 0.38645833333333335 0.30416666666666664 0.0421875 0.18981481481481483