1 0.3260416666666667 0.275 0.05 0.08148148148148149
3 0.63203125 0.39537037037037037 0.08802083333333334 0.2388888888888889
3 0.8473958333333333 0.7606481481481482 0.090625 0.24722222222222223
3 0.5302083333333333 0.7759259259259259 0.06041666666666667 0.21666666666666667
3 0.49322916666666666 0.5055555555555555 0.12291666666666666 0.24074074074074073
3 0.3966145833333333 0.5416666666666666 0.05364583333333333 0.30925925925925923
3 0.2125 0.6134259259259259 0.071875 0.2916666666666667
3 0.2794270833333333 0.5694444444444444 0.0671875 0.2777777777777778
3 0.3104166666666667 0.462037037037037 0.07708333333333334 0.2537037037037037
3 0.30416666666666664 0.774537037037037 0.10625 0.2361111111111111
0 0.41953125 0.8134259259259259 0.06614583333333333 0.14351851851851852
0 0.2760416666666667 0.37962962962962965 0.04479166666666667 0.19074074074074074