2 0.7890625 0.5060185185185185 0.026041666666666668 0.03611111111111111
3 0.7372395833333333 0.6944444444444444 0.090625 0.24259259259259258
3 0.42239583333333336 0.6467592592592593 0.075 0.26944444444444443
3 0.3697916666666667 0.6166666666666667 0.05416666666666667 0.2537037037037037
3 0.3458333333333333 0.4847222222222222 0.05625 0.2175925925925926
3 0.08515625 0.4462962962962963 0.049479166666666664 0.22592592592592592
3 0.40338541666666666 0.33194444444444443 0.05572916666666667 0.20833333333333334
3 0.6619791666666667 0.47962962962962963 0.057291666666666664 0.22777777777777777
3 0.6325520833333333 0.4203703703703704 0.049479166666666664 0.21296296296296297
3 0.5760416666666667 0.41944444444444445 0.053125 0.20925925925925926
0 0.76640625 0.3773148148148148 0.03697916666666667 0.20277777777777778
0 0.6114583333333333 0.7736111111111111 0.0625 0.23981481481481481
1 0.7057291666666666 0.2601851851851852 0.03958333333333333 0.06944444444444445