1 0.34322916666666664 0.24722222222222223 0.042708333333333334 0.07314814814814814
2 0.42526041666666664 0.29398148148148145 0.027604166666666666 0.041666666666666664
3 0.25885416666666666 0.612037037037037 0.0578125 0.25925925925925924
3 0.165625 0.6620370370370371 0.06041666666666667 0.16203703703703703
3 0.5221354166666666 0.6560185185185186 0.05416666666666667 0.18888888888888888
3 0.6205729166666667 0.6851851851851852 0.06979166666666667 0.1685185185185185
3 0.6177083333333333 0.4962962962962963 0.09322916666666667 0.2388888888888889
3 0.9716145833333333 0.6175925925925926 0.0546875 0.27685185185185185
3 0.47890625 0.28564814814814815 0.040625 0.15555555555555556
3 0.4700520833333333 0.38935185185185184 0.04583333333333333 0.17592592592592593
0 0.7239583333333334 0.3037037037037037 0.06145833333333333 0.19722222222222222
0 0.03723958333333333 0.6402777777777777 0.05260416666666667 0.25833333333333336
0 0.7583333333333333 0.7555555555555555 0.06822916666666666 0.21481481481481482