2 0.275 0.3800925925925926 0.026041666666666668 0.037037037037037035
1 0.48125 0.19074074074074074 0.04479166666666667 0.06944444444444445
3 0.61015625 0.38657407407407407 0.071875 0.22962962962962963
3 0.7736979166666667 0.46574074074074073 0.06875 0.2601851851851852
3 0.8106770833333333 0.324537037037037 0.04739583333333333 0.22407407407407406
3 0.6736979166666667 0.6805555555555556 0.06458333333333334 0.32222222222222224
3 0.7955729166666666 0.7282407407407407 0.06666666666666667 0.2037037037037037
3 0.9721354166666667 0.575462962962963 0.05572916666666667 0.287962962962963
0 0.9666666666666667 0.787962962962963 0.06197916666666667 0.18425925925925926
0 0.9026041666666667 0.3050925925925926 0.07447916666666667 0.20462962962962963
0 0.12109375 0.5555555555555556 0.0390625 0.13240740740740742
3 0.34348958333333335 0.5777777777777777 0.07135416666666666 0.34444444444444444