3 0.68984375 0.7157407407407408 0.08229166666666667 0.2740740740740741
3 0.7846354166666667 0.6060185185185185 0.06666666666666667 0.24351851851851852
3 0.7005208333333334 0.4111111111111111 0.052083333333333336 0.2101851851851852
3 0.6244791666666667 0.5949074074074074 0.05520833333333333 0.24351851851851852
3 0.5364583333333334 0.45185185185185184 0.059895833333333336 0.2222222222222222
3 0.49921875 0.5263888888888889 0.07916666666666666 0.2175925925925926
3 0.44192708333333336 0.5273148148148148 0.0671875 0.2212962962962963
3 0.40338541666666666 0.5541666666666667 0.06458333333333334 0.2222222222222222
3 0.35885416666666664 0.5560185185185185 0.057291666666666664 0.2361111111111111
0 0.17734375 0.6023148148148149 0.05520833333333333 0.23796296296296296
0 0.8020833333333334 0.3680555555555556 0.042708333333333334 0.20833333333333334
0 0.8375 0.8324074074074074 0.05520833333333333 0.15092592592592594