3 0.15234375 0.4393518518518518 0.05 0.24259259259259258
3 0.21875 0.40185185185185185 0.052083333333333336 0.262037037037037
3 0.3046875 0.6370370370370371 0.059375 0.26481481481481484
3 0.4544270833333333 0.5472222222222223 0.0515625 0.2657407407407407
3 0.5294270833333333 0.6351851851851852 0.059895833333333336 0.25462962962962965
3 0.5927083333333333 0.5685185185185185 0.0625 0.2564814814814815
3 0.7817708333333333 0.5944444444444444 0.04635416666666667 0.2222222222222222
3 0.7341145833333333 0.5935185185185186 0.0578125 0.22870370370370371
3 0.5177083333333333 0.4050925925925926 0.05 0.19537037037037036
3 0.48203125 0.35509259259259257 0.040625 0.17592592592592593
0 0.33255208333333336 0.35138888888888886 0.058333333333333334 0.19907407407407407
0 0.24348958333333334 0.7620370370370371 0.05677083333333333 0.2564814814814815
0 0.9450520833333333 0.5893518518518519 0.06041666666666667 0.24722222222222223