2 0.47578125 0.5342592592592592 0.0265625 0.03333333333333333
1 0.4203125 0.22361111111111112 0.03854166666666667 0.06759259259259259
3 0.81015625 0.38935185185185184 0.0390625 0.2064814814814815
3 0.76328125 0.43194444444444446 0.04739583333333333 0.20833333333333334
3 0.6901041666666666 0.44583333333333336 0.071875 0.2101851851851852
3 0.9770833333333333 0.33287037037037037 0.04583333333333333 0.16944444444444445
3 0.40729166666666666 0.6708333333333333 0.052083333333333336 0.2601851851851852
3 0.41848958333333336 0.42592592592592593 0.06302083333333333 0.2037037037037037
3 0.43515625 0.6199074074074075 0.0390625 0.17314814814814813
0 0.7768229166666667 0.7328703703703704 0.06822916666666666 0.13796296296296295
0 0.13203125 0.5597222222222222 0.044270833333333336 0.20462962962962963
3 0.5544270833333333 0.6578703703703703 0.09010416666666667 0.2490740740740741