0 0.52578125 0.28055555555555556 0.0484375 0.175
0 0.22838541666666667 0.799074074074074 0.0625 0.20925925925925926
3 0.42604166666666665 0.5 0.0515625 0.2537037037037037
3 0.40625 0.42314814814814816 0.04635416666666667 0.20925925925925926
3 0.36953125 0.46111111111111114 0.07083333333333333 0.24722222222222223
3 0.36432291666666666 0.37962962962962965 0.04114583333333333 0.21666666666666667
3 0.28203125 0.7175925925925926 0.059375 0.2740740740740741
3 0.22239583333333332 0.6986111111111111 0.052083333333333336 0.21944444444444444
3 0.6424479166666667 0.6606481481481481 0.058854166666666666 0.1787037037037037
3 0.7411458333333333 0.6893518518518519 0.050520833333333334 0.18796296296296297
3 0.19270833333333334 0.2439814814814815 0.04739583333333333 0.23148148148148148