2 0.6565104166666667 0.2875 0.025520833333333333 0.040740740740740744
3 0.8075520833333333 0.775 0.096875 0.32037037037037036
3 0.6669270833333333 0.5837962962962963 0.06666666666666667 0.27870370370370373
3 0.42864583333333334 0.6791666666666667 0.09322916666666667 0.2916666666666667
3 0.3606770833333333 0.6166666666666667 0.0671875 0.31203703703703706
3 0.14036458333333332 0.3416666666666667 0.06041666666666667 0.25
3 0.24869791666666666 0.37175925925925923 0.06666666666666667 0.2222222222222222
3 0.53984375 0.41064814814814815 0.059895833333333336 0.24444444444444444
3 0.51484375 0.3384259259259259 0.04375 0.2101851851851852
0 0.028125 0.3347222222222222 0.05625 0.2351851851851852
0 0.5502604166666667 0.8712962962962963 0.07135416666666666 0.2574074074074074
0 0.7078125 0.34074074074074073 0.052083333333333336 0.1638888888888889