1 0.7205729166666667 0.2652777777777778 0.03802083333333333 0.06759259259259259
0 0.7763020833333333 0.36064814814814816 0.046875 0.21203703703703702
3 0.6830729166666667 0.6208333333333333 0.05416666666666667 0.26296296296296295
3 0.6442708333333333 0.7361111111111112 0.059895833333333336 0.23333333333333334
3 0.20546875 0.5435185185185185 0.08333333333333333 0.26944444444444443
3 0.12057291666666667 0.5472222222222223 0.0875 0.2712962962962963
3 0.4479166666666667 0.44305555555555554 0.09010416666666667 0.21851851851851853
3 0.5734375 0.4671296296296296 0.059375 0.2222222222222222
3 0.5481770833333334 0.350462962962963 0.06041666666666667 0.0962962962962963
0 0.6158854166666666 0.7666666666666667 0.06302083333333333 0.22962962962962963
0 0.11927083333333334 0.34814814814814815 0.04791666666666667 0.19814814814814816