3 0.5984375 0.47175925925925927 0.05572916666666667 0.2972222222222222
3 0.6416666666666667 0.7777777777777778 0.06979166666666667 0.26481481481481484
3 0.5520833333333334 0.7865740740740741 0.09166666666666666 0.2935185185185185
3 0.6427083333333333 0.600925925925926 0.06041666666666667 0.15555555555555556
3 0.5348958333333333 0.6138888888888889 0.046875 0.16111111111111112
3 0.325 0.47824074074074074 0.08125 0.23055555555555557
3 0.40182291666666664 0.47129629629629627 0.049479166666666664 0.24259259259259258
3 0.44088541666666664 0.38796296296296295 0.05677083333333333 0.21851851851851853
3 0.3763020833333333 0.28935185185185186 0.05677083333333333 0.19537037037037036
0 0.4203125 0.8421296296296297 0.06875 0.2490740740740741
3 0.5575520833333333 0.41388888888888886 0.05260416666666667 0.2611111111111111