1 0.33307291666666666 0.2800925925925926 0.04635416666666667 0.08425925925925926
3 0.9424479166666667 0.5402777777777777 0.059895833333333336 0.2601851851851852
3 0.7627604166666667 0.7694444444444445 0.10572916666666667 0.2351851851851852
3 0.49921875 0.762962962962963 0.07239583333333334 0.24814814814814815
3 0.5744791666666667 0.37083333333333335 0.07604166666666666 0.21574074074074073
3 0.23020833333333332 0.750462962962963 0.08541666666666667 0.275
3 0.40911458333333334 0.5393518518518519 0.0609375 0.2916666666666667
3 0.321875 0.575462962962963 0.08333333333333333 0.2935185185185185
3 0.22291666666666668 0.575 0.058333333333333334 0.2759259259259259
3 0.30234375 0.44814814814814813 0.0609375 0.14074074074074075
2 0.28567708333333336 0.6365740740740741 0.0234375 0.03611111111111111
0 0.37734375 0.8106481481481481 0.0640625 0.15462962962962962
0 0.2752604166666667 0.3875 0.04010416666666667 0.22870370370370371