3 0.78984375 0.8347222222222223 0.07760416666666667 0.30648148148148147
3 0.50078125 0.7402777777777778 0.07708333333333334 0.27870370370370373
3 0.721875 0.425 0.0578125 0.21388888888888888
3 0.56328125 0.5365740740740741 0.0609375 0.20277777777777778
3 0.5833333333333334 0.4828703703703704 0.041666666666666664 0.2111111111111111
3 0.49375 0.46620370370370373 0.0515625 0.23425925925925925
3 0.37786458333333334 0.5810185185185185 0.06041666666666667 0.22870370370370371
3 0.41953125 0.5717592592592593 0.04635416666666667 0.2212962962962963
3 0.4635416666666667 0.5875 0.0640625 0.24074074074074073
0 0.7989583333333333 0.42824074074074076 0.05364583333333333 0.20277777777777778
0 0.7395833333333334 0.9162037037037037 0.06458333333333334 0.1675925925925926
0 0.034895833333333334 0.7601851851851852 0.05260416666666667 0.2574074074074074