0 0.8856770833333333 0.7791666666666667 0.0421875 0.30462962962962964
0 0.06145833333333333 0.45092592592592595 0.0515625 0.2462962962962963
0 0.03046875 0.9231481481481482 0.0609375 0.1537037037037037
3 0.35703125 0.45555555555555555 0.07604166666666666 0.19722222222222222
3 0.4088541666666667 0.7625 0.07239583333333334 0.17592592592592593
3 0.5927083333333333 0.799074074074074 0.046875 0.10277777777777777
3 0.7184895833333333 0.7578703703703704 0.06041666666666667 0.18796296296296297
3 0.55390625 0.7055555555555556 0.09322916666666667 0.2898148148148148
3 0.4828125 0.6587962962962963 0.04479166666666667 0.2833333333333333
3 0.52890625 0.586574074074074 0.043229166666666666 0.23981481481481481
3 0.4947916666666667 0.475462962962963 0.0296875 0.06759259259259259
3 0.45651041666666664 0.6 0.03802083333333333 0.2212962962962963