2 0.39114583333333336 0.40185185185185185 0.021354166666666667 0.041666666666666664
3 0.5348958333333333 0.3685185185185185 0.07083333333333333 0.20555555555555555
3 0.5984375 0.44814814814814813 0.09270833333333334 0.19074074074074074
3 0.615625 0.6240740740740741 0.06354166666666666 0.2611111111111111
3 0.8260416666666667 0.6212962962962963 0.0875 0.26851851851851855
3 0.45859375 0.7180555555555556 0.06510416666666667 0.27314814814814814
3 0.4393229166666667 0.8898148148148148 0.07239583333333334 0.21666666666666667
3 0.38046875 0.8189814814814815 0.059895833333333336 0.30833333333333335
0 0.02734375 0.7342592592592593 0.0546875 0.3074074074074074
0 0.8606770833333334 0.4060185185185185 0.05677083333333333 0.20555555555555555
1 0.36640625 0.3398148148148148 0.050520833333333334 0.09351851851851851