2 0.3971354166666667 0.47453703703703703 0.0265625 0.037037037037037035
1 0.6986979166666667 0.17777777777777778 0.03958333333333333 0.07037037037037037
3 0.2869791666666667 0.39444444444444443 0.06302083333333333 0.17037037037037037
3 0.3221354166666667 0.45185185185185184 0.08125 0.2101851851851852
3 0.54453125 0.7106481481481481 0.0578125 0.20092592592592592
3 0.5666666666666667 0.6953703703703704 0.046875 0.19722222222222222
3 0.8559895833333333 0.6370370370370371 0.03802083333333333 0.16296296296296298
3 0.815625 0.649537037037037 0.0484375 0.1935185185185185
3 0.75078125 0.5361111111111111 0.05364583333333333 0.21388888888888888
3 0.6630208333333333 0.4773148148148148 0.065625 0.21851851851851853
0 0.2794270833333333 0.7675925925925926 0.059375 0.17685185185185184
0 0.3658854166666667 0.1875 0.03697916666666667 0.17037037037037037
0 0.98984375 0.5675925925925925 0.0203125 0.1787037037037037