3 0.07369791666666667 0.44351851851851853 0.058333333333333334 0.2564814814814815
3 0.19557291666666668 0.6148148148148148 0.0609375 0.26851851851851855
3 0.22604166666666667 0.4837962962962963 0.07239583333333334 0.23425925925925925
3 0.45677083333333335 0.625462962962963 0.06354166666666666 0.2740740740740741
3 0.5354166666666667 0.6203703703703703 0.09791666666666667 0.24259259259259258
3 0.5229166666666667 0.4976851851851852 0.04583333333333333 0.17777777777777778
3 0.6432291666666666 0.5162037037037037 0.06458333333333334 0.2518518518518518
3 0.7119791666666667 0.6212962962962963 0.07708333333333334 0.2537037037037037
3 0.8013020833333333 0.7236111111111111 0.06302083333333333 0.287962962962963
3 0.7395833333333334 0.5430555555555555 0.06979166666666667 0.23981481481481481
0 0.6390625 0.7722222222222223 0.06979166666666667 0.22407407407407406
0 0.1265625 0.36157407407407405 0.05625 0.23703703703703705
0 0.79453125 0.37592592592592594 0.0453125 0.17407407407407408