2 0.5067708333333333 0.03333333333333333 0.025 0.040740740740740744
1 0.7744791666666667 0.32175925925925924 0.04635416666666667 0.07592592592592592
3 0.5708333333333333 0.48055555555555557 0.06197916666666667 0.21388888888888888
3 0.5479166666666667 0.3972222222222222 0.065625 0.2037037037037037
3 0.6408854166666667 0.5254629629629629 0.06666666666666667 0.21666666666666667
3 0.68828125 0.7212962962962963 0.06614583333333333 0.21574074074074073
3 0.9419270833333333 0.7157407407407408 0.078125 0.16203703703703703
3 0.19010416666666666 0.6990740740740741 0.06302083333333333 0.29074074074074074
3 0.25885416666666666 0.48657407407407405 0.0375 0.21944444444444444
3 0.18776041666666668 0.4513888888888889 0.04479166666666667 0.20277777777777778
3 0.10416666666666667 0.7574074074074074 0.06510416666666667 0.2222222222222222
3 0.6984375 0.5162037037037037 0.0625 0.22685185185185186
0 0.7346354166666667 0.4263888888888889 0.03854166666666667 0.18055555555555555
0 0.10130208333333333 0.4842592592592593 0.03697916666666667 0.23333333333333334
0 0.5830729166666667 0.8009259259259259 0.06302083333333333 0.20277777777777778