2 0.6299479166666667 0.23194444444444445 0.020833333333333332 0.03611111111111111
3 0.21744791666666666 0.49398148148148147 0.0671875 0.2361111111111111
3 0.37005208333333334 0.7532407407407408 0.06510416666666667 0.262037037037037
3 0.5205729166666667 0.7291666666666666 0.06302083333333333 0.28425925925925927
3 0.8098958333333334 0.675 0.078125 0.30185185185185187
3 0.7270833333333333 0.5694444444444444 0.071875 0.2777777777777778
3 0.59453125 0.5712962962962963 0.058854166666666666 0.25555555555555554
3 0.5419270833333333 0.5166666666666667 0.04010416666666667 0.22777777777777777
3 0.515625 0.4527777777777778 0.052083333333333336 0.23333333333333334
3 0.47734375 0.3435185185185185 0.0671875 0.2111111111111111
0 0.7052083333333333 0.38935185185185184 0.042708333333333334 0.20833333333333334
0 0.025520833333333333 0.4023148148148148 0.051041666666666666 0.22685185185185186
0 0.6557291666666667 0.7870370370370371 0.06979166666666667 0.20555555555555555
1 0.6520833333333333 0.2796296296296296 0.041666666666666664 0.07592592592592592