1 0.3385416666666667 0.28379629629629627 0.042708333333333334 0.062037037037037036
2 0.41796875 0.2763888888888889 0.022395833333333334 0.026851851851851852
3 0.7463541666666667 0.6574074074074074 0.052083333333333336 0.22407407407407406
3 0.6559895833333333 0.5375 0.053125 0.20092592592592592
3 0.60703125 0.33796296296296297 0.04010416666666667 0.16944444444444445
3 0.53828125 0.3675925925925926 0.04895833333333333 0.17685185185185184
3 0.5026041666666666 0.5365740740740741 0.06770833333333333 0.20092592592592592
3 0.45598958333333334 0.5041666666666667 0.06354166666666666 0.19074074074074074
3 0.3372395833333333 0.4685185185185185 0.0515625 0.1925925925925926
3 0.2942708333333333 0.4703703703703704 0.057291666666666664 0.20555555555555555
0 0.79140625 0.7185185185185186 0.07708333333333334 0.2111111111111111
0 0.6395833333333333 0.3277777777777778 0.0359375 0.15925925925925927
0 0.10911458333333333 0.5884259259259259 0.044270833333333336 0.2111111111111111