3 0.6674479166666667 0.7930555555555555 0.07239583333333334 0.2361111111111111
3 0.9296875 0.5967592592592592 0.075 0.21851851851851853
3 0.8223958333333333 0.5611111111111111 0.05 0.18611111111111112
3 0.48880208333333336 0.6708333333333333 0.05364583333333333 0.19814814814814816
3 0.565625 0.4842592592592593 0.04895833333333333 0.15925925925925927
3 0.4583333333333333 0.5578703703703703 0.0453125 0.19074074074074074
3 0.40703125 0.5462962962962963 0.05260416666666667 0.15833333333333333
3 0.3541666666666667 0.6898148148148148 0.0453125 0.15833333333333333
3 0.3924479166666667 0.6759259259259259 0.0484375 0.1935185185185185
3 0.3567708333333333 0.5643518518518519 0.05 0.1527777777777778
0 0.6598958333333333 0.4810185185185185 0.044270833333333336 0.20925925925925926
0 0.5471354166666667 0.9027777777777778 0.04791666666666667 0.19444444444444445