3 0.8606770833333334 0.4837962962962963 0.04791666666666667 0.22407407407407406
3 0.6458333333333334 0.2712962962962963 0.0375 0.15462962962962962
3 0.5114583333333333 0.31805555555555554 0.0546875 0.1787037037037037
3 0.31354166666666666 0.4601851851851852 0.041666666666666664 0.2175925925925926
3 0.48020833333333335 0.6444444444444445 0.052083333333333336 0.21203703703703702
3 0.48541666666666666 0.575 0.0515625 0.2388888888888889
3 0.728125 0.36944444444444446 0.04479166666666667 0.18333333333333332
3 0.7549479166666667 0.43657407407407406 0.06614583333333333 0.13425925925925927
3 0.7609375 0.5069444444444444 0.07291666666666667 0.2037037037037037
0 0.9111979166666667 0.324537037037037 0.050520833333333334 0.16944444444444445
0 0.2390625 0.28703703703703703 0.03125 0.15833333333333333
0 0.38203125 0.6875 0.0484375 0.2324074074074074
2 0.8984375 0.449537037037037 0.021354166666666667 0.03518518518518519
1 0.265625 0.19953703703703704 0.034375 0.06296296296296296
3 0.11041666666666666 0.5726851851851852 0.06614583333333333 0.12222222222222222