2 0.5247395833333334 0.2518518518518518 0.016666666666666666 0.025
3 0.6861979166666666 0.7833333333333333 0.06302083333333333 0.21666666666666667
3 0.4549479166666667 0.7046296296296296 0.08020833333333334 0.29444444444444445
3 0.13984375 0.7685185185185185 0.0640625 0.24074074074074073
3 0.29270833333333335 0.6865740740740741 0.05677083333333333 0.2564814814814815
3 0.2078125 0.6296296296296297 0.059895833333333336 0.25462962962962965
3 0.41067708333333336 0.5263888888888889 0.0609375 0.24074074074074073
3 0.32838541666666665 0.5583333333333333 0.04583333333333333 0.19444444444444445
0 0.9596354166666666 0.4532407407407407 0.06510416666666667 0.22962962962962963
0 0.39557291666666666 0.8333333333333334 0.06614583333333333 0.10833333333333334
0 0.22109375 0.4263888888888889 0.0484375 0.22314814814814815
1 0.30546875 0.32407407407407407 0.04739583333333333 0.08611111111111111