3 0.665625 0.4148148148148148 0.04114583333333333 0.17314814814814813
3 0.8088541666666667 0.3282407407407407 0.046875 0.18055555555555555
3 0.7145833333333333 0.2791666666666667 0.0328125 0.17314814814814813
3 0.6026041666666667 0.3143518518518518 0.044270833333333336 0.1712962962962963
3 0.53828125 0.549537037037037 0.0859375 0.19166666666666668
3 0.4265625 0.625 0.0484375 0.1675925925925926
3 0.37473958333333335 0.44351851851851853 0.03854166666666667 0.1935185185185185
3 0.14947916666666666 0.5574074074074075 0.052083333333333336 0.13703703703703704
0 0.9283854166666666 0.32685185185185184 0.049479166666666664 0.15555555555555556
0 0.26666666666666666 0.31527777777777777 0.04635416666666667 0.16666666666666666
0 0.4783854166666667 0.6555555555555556 0.04739583333333333 0.14814814814814814
1 0.31692708333333336 0.20694444444444443 0.03333333333333333 0.06296296296296296
2 0.75234375 0.37592592592592594 0.021875 0.032407407407407406
3 0.7067708333333333 0.4875 0.04895833333333333 0.24259259259259258