3 0.6104166666666667 0.6805555555555556 0.0421875 0.19722222222222222
3 0.5666666666666667 0.65 0.0515625 0.20277777777777778
3 0.10338541666666666 0.4935185185185185 0.06822916666666666 0.1935185185185185
3 0.16901041666666666 0.48148148148148145 0.04739583333333333 0.1935185185185185
3 0.24036458333333333 0.562962962962963 0.043229166666666666 0.21574074074074073
3 0.3611979166666667 0.7300925925925926 0.0484375 0.24074074074074073
3 0.43255208333333334 0.7421296296296296 0.078125 0.20925925925925926
3 0.4817708333333333 0.5925925925925926 0.06770833333333333 0.2064814814814815
3 0.50234375 0.5458333333333333 0.028125 0.09351851851851851
2 0.5955729166666667 0.38842592592592595 0.01875 0.03333333333333333
0 0.8044270833333333 0.6805555555555556 0.04479166666666667 0.2074074074074074
0 0.053125 0.8939814814814815 0.07083333333333333 0.21203703703703702
3 0.6239583333333333 0.4703703703703704 0.04375 0.1361111111111111