2 0.34348958333333335 0.2875 0.025520833333333333 0.040740740740740744
3 0.19244791666666666 0.775 0.096875 0.32037037037037036
3 0.33307291666666666 0.5837962962962963 0.06666666666666667 0.27870370370370373
3 0.5713541666666667 0.6791666666666667 0.09322916666666667 0.2916666666666667
3 0.6393229166666666 0.6166666666666667 0.0671875 0.31203703703703706
3 0.84609375 0.3421296296296296 0.06041666666666667 0.25
3 0.73984375 0.37037037037037035 0.06666666666666667 0.2222222222222222
3 0.46015625 0.41064814814814815 0.059895833333333336 0.24444444444444444
3 0.48515625 0.3384259259259259 0.04375 0.2101851851851852
0 0.971875 0.3347222222222222 0.05625 0.2351851851851852
0 0.45 0.8712962962962963 0.07135416666666666 0.2574074074074074
0 0.2921875 0.34074074074074073 0.052083333333333336 0.1638888888888889