2 0.48203125 0.29768518518518516 0.0203125 0.03611111111111111
1 0.4125 0.25277777777777777 0.0515625 0.09351851851851851
3 0.33567708333333335 0.7967592592592593 0.1078125 0.27037037037037037
3 0.79375 0.7 0.07395833333333333 0.1962962962962963
3 0.9736979166666667 0.6643518518518519 0.05260416666666667 0.2777777777777778
3 0.6317708333333333 0.638425925925926 0.0890625 0.275
3 0.7989583333333333 0.5541666666666667 0.07447916666666667 0.25
3 0.44479166666666664 0.6236111111111111 0.06875 0.25277777777777777
3 0.38385416666666666 0.5231481481481481 0.08489583333333334 0.2518518518518518
3 0.29322916666666665 0.4981481481481482 0.06927083333333334 0.24814814814814815
0 0.52265625 0.8648148148148148 0.07291666666666667 0.27037037037037037