3 0.2830729166666667 0.8050925925925926 0.07760416666666667 0.17685185185185184
3 0.89296875 0.763425925925926 0.06822916666666666 0.25092592592592594
3 0.9125 0.44583333333333336 0.06041666666666667 0.25092592592592594
3 0.865625 0.425 0.07708333333333334 0.25833333333333336
3 0.5419270833333333 0.41759259259259257 0.0703125 0.25092592592592594
3 0.45286458333333335 0.611574074074074 0.0609375 0.3138888888888889
3 0.40078125 0.5199074074074074 0.0640625 0.23981481481481481
3 0.35078125 0.6597222222222222 0.09114583333333333 0.24351851851851852
3 0.2609375 0.6064814814814815 0.06145833333333333 0.28888888888888886
3 0.3177083333333333 0.5435185185185185 0.06145833333333333 0.16296296296296298
0 0.21848958333333332 0.4041666666666667 0.0453125 0.20462962962962963
0 0.37838541666666664 0.8398148148148148 0.06510416666666667 0.1037037037037037
0 0.971875 0.4393518518518518 0.05625 0.25462962962962965