2 0.27421875 0.18564814814814815 0.019270833333333334 0.027777777777777776
1 0.5697916666666667 0.2953703703703704 0.051041666666666666 0.08333333333333333
3 0.1453125 0.5652777777777778 0.08177083333333333 0.2518518518518518
3 0.7611979166666667 0.788425925925926 0.06302083333333333 0.2814814814814815
3 0.6783854166666666 0.6157407407407407 0.075 0.25
3 0.6231770833333333 0.6064814814814815 0.06458333333333334 0.23148148148148148
3 0.5921875 0.537962962962963 0.04739583333333333 0.2351851851851852
3 0.5236979166666667 0.4527777777777778 0.058854166666666666 0.23796296296296296
3 0.3377604166666667 0.3726851851851852 0.07083333333333333 0.24074074074074073
0 0.16197916666666667 0.35 0.04895833333333333 0.1962962962962963
0 0.8466145833333333 0.6055555555555555 0.04739583333333333 0.25