3 0.19140625 0.5467592592592593 0.0859375 0.225
3 0.2830729166666667 0.55 0.1265625 0.23333333333333334
3 0.32083333333333336 0.7620370370370371 0.06875 0.24814814814814815
3 0.5158854166666667 0.6476851851851851 0.06614583333333333 0.2712962962962963
3 0.88125 0.7657407407407407 0.06041666666666667 0.2518518518518518
3 0.6981770833333333 0.5291666666666667 0.07239583333333334 0.25462962962962965
3 0.7606770833333333 0.5300925925925926 0.05260416666666667 0.28055555555555556
3 0.3736979166666667 0.4064814814814815 0.0765625 0.22962962962962963
3 0.3059895833333333 0.3680555555555556 0.0515625 0.18888888888888888
0 0.5934895833333333 0.8004629629629629 0.06510416666666667 0.1824074074074074
0 0.15260416666666668 0.36944444444444446 0.057291666666666664 0.2037037037037037
0 0.8234375 0.38333333333333336 0.046875 0.19814814814814816
1 0.7799479166666666 0.2740740740740741 0.0421875 0.07777777777777778
2 0.21276041666666667 0.5314814814814814 0.019270833333333334 0.032407407407407406