3 0.7078125 0.3712962962962963 0.08229166666666667 0.175
3 0.7153645833333333 0.5800925925925926 0.08229166666666667 0.24074074074074073
3 0.5859375 0.6027777777777777 0.06354166666666666 0.20185185185185187
3 0.5247395833333334 0.5657407407407408 0.078125 0.21574074074074073
3 0.48723958333333334 0.45416666666666666 0.07447916666666667 0.20092592592592592
3 0.13515625 0.6555555555555556 0.07083333333333333 0.2740740740740741
3 0.29973958333333334 0.5921296296296297 0.0640625 0.21666666666666667
3 0.38177083333333334 0.611574074074074 0.06458333333333334 0.2361111111111111
0 0.22317708333333333 0.38935185185185184 0.0453125 0.20277777777777778
0 0.9239583333333333 0.3768518518518518 0.06197916666666667 0.2111111111111111
0 0.4127604166666667 0.7824074074074074 0.07604166666666666 0.2111111111111111
1 0.29609375 0.26157407407407407 0.046875 0.07777777777777778