2 0.4609375 0.26296296296296295 0.022395833333333334 0.032407407407407406
1 0.38697916666666665 0.2638888888888889 0.0484375 0.08796296296296297
3 0.9575520833333333 0.5347222222222222 0.08489583333333334 0.2537037037037037
3 0.5653645833333333 0.7671296296296296 0.06041666666666667 0.2722222222222222
3 0.19739583333333333 0.7333333333333333 0.06458333333333334 0.2777777777777778
3 0.49921875 0.6564814814814814 0.059895833333333336 0.2675925925925926
3 0.57109375 0.5662037037037037 0.09479166666666666 0.21944444444444444
3 0.5747395833333333 0.4652777777777778 0.07760416666666667 0.22037037037037038
3 0.4036458333333333 0.39305555555555555 0.05625 0.2388888888888889
0 0.39375 0.7912037037037037 0.0625 0.2759259259259259
0 0.9182291666666667 0.3425925925925926 0.06354166666666666 0.18981481481481483
0 0.3578125 0.3458333333333333 0.0390625 0.14074074074074075