1 0.2877604166666667 0.2513888888888889 0.03854166666666667 0.06851851851851852
3 0.9091145833333333 0.425 0.059895833333333336 0.23703703703703705
3 0.63671875 0.48055555555555557 0.059895833333333336 0.2222222222222222
3 0.5729166666666666 0.300462962962963 0.051041666666666666 0.2564814814814815
3 0.61328125 0.6976851851851852 0.0578125 0.2657407407407407
3 0.5598958333333334 0.6861111111111111 0.06875 0.25555555555555554
3 0.21432291666666667 0.7291666666666666 0.06614583333333333 0.27314814814814814
3 0.26119791666666664 0.6305555555555555 0.07760416666666667 0.25925925925925924
3 0.36223958333333334 0.49027777777777776 0.06822916666666666 0.24166666666666667
3 0.4125 0.4134259259259259 0.04895833333333333 0.2212962962962963
3 0.33255208333333336 0.42824074074074076 0.043229166666666666 0.23796296296296296
0 0.22552083333333334 0.3736111111111111 0.04479166666666667 0.21203703703703702
0 0.36328125 0.7736111111111111 0.0640625 0.24351851851851852