3 0.18776041666666668 0.5009259259259259 0.0765625 0.24074074074074073
3 0.3497395833333333 0.7597222222222222 0.07760416666666667 0.2564814814814815
3 0.5166666666666667 0.7416666666666667 0.07604166666666666 0.28703703703703703
3 0.81328125 0.7060185185185185 0.07864583333333333 0.31203703703703706
3 0.7213541666666666 0.5819444444444445 0.08229166666666667 0.2712962962962963
3 0.6252604166666667 0.5763888888888888 0.06510416666666667 0.2564814814814815
3 0.56171875 0.5402777777777777 0.0671875 0.25092592592592594
3 0.5200520833333333 0.4722222222222222 0.0703125 0.2388888888888889
3 0.47604166666666664 0.3527777777777778 0.052083333333333336 0.21481481481481482
0 0.020052083333333335 0.4083333333333333 0.04010416666666667 0.2351851851851852
0 0.65234375 0.7939814814814815 0.059895833333333336 0.18611111111111112
0 0.70546875 0.40046296296296297 0.0453125 0.20833333333333334