3 0.334375 0.4148148148148148 0.04114583333333333 0.17314814814814813
3 0.19114583333333332 0.3282407407407407 0.046875 0.18055555555555555
3 0.28984375 0.27546296296296297 0.034375 0.18055555555555555
3 0.3958333333333333 0.31574074074074077 0.04739583333333333 0.1685185185185185
3 0.4765625 0.549074074074074 0.08072916666666667 0.19166666666666668
3 0.5734375 0.625 0.0484375 0.1675925925925926
3 0.6252604166666667 0.44351851851851853 0.03854166666666667 0.1935185185185185
3 0.8505208333333333 0.5574074074074075 0.052083333333333336 0.13703703703703704
0 0.075 0.32314814814814813 0.05520833333333333 0.15462962962962962
0 0.7333333333333333 0.31296296296296294 0.03333333333333333 0.17037037037037037
0 0.5286458333333334 0.6574074074074074 0.06145833333333333 0.15092592592592594
1 0.6864583333333333 0.2050925925925926 0.036458333333333336 0.06481481481481481
2 0.24973958333333332 0.39675925925925926 0.022916666666666665 0.030555555555555555