3 0.24869791666666666 0.6930555555555555 0.10572916666666667 0.25925925925925924
3 0.6979166666666666 0.6560185185185186 0.07552083333333333 0.26481481481481484
3 0.7302083333333333 0.5893518518518519 0.05677083333333333 0.23055555555555557
3 0.821875 0.48703703703703705 0.059895833333333336 0.25555555555555554
3 0.55078125 0.3675925925925926 0.06770833333333333 0.1925925925925926
3 0.5098958333333333 0.5462962962962963 0.06770833333333333 0.2101851851851852
3 0.44427083333333334 0.5189814814814815 0.0546875 0.22870370370370371
3 0.38645833333333335 0.5055555555555555 0.07552083333333333 0.23333333333333334
3 0.48072916666666665 0.43194444444444446 0.03958333333333333 0.21574074074074073
3 0.45078125 0.3851851851851852 0.03697916666666667 0.1527777777777778
0 0.46197916666666666 0.7921296296296296 0.058854166666666666 0.22870370370370371
0 0.9731770833333333 0.3597222222222222 0.05364583333333333 0.1962962962962963
0 0.34817708333333336 0.34675925925925927 0.034375 0.15092592592592594