2 0.6088541666666667 0.40185185185185185 0.021354166666666667 0.041666666666666664
3 0.46510416666666665 0.3685185185185185 0.07083333333333333 0.20555555555555555
3 0.4015625 0.44814814814814813 0.09270833333333334 0.19074074074074074
3 0.384375 0.6240740740740741 0.06354166666666666 0.2611111111111111
3 0.17395833333333333 0.6212962962962963 0.0875 0.26851851851851855
3 0.54140625 0.7180555555555556 0.06510416666666667 0.27314814814814814
3 0.5606770833333333 0.8898148148148148 0.07239583333333334 0.21666666666666667
3 0.61953125 0.8189814814814815 0.059895833333333336 0.30833333333333335
0 0.97265625 0.7342592592592593 0.0546875 0.3074074074074074
0 0.13932291666666666 0.4060185185185185 0.05677083333333333 0.20555555555555555
1 0.63359375 0.3398148148148148 0.050520833333333334 0.09351851851851851