1 0.6682291666666667 0.2763888888888889 0.04375 0.07777777777777778
3 0.03229166666666667 0.5462962962962963 0.06458333333333334 0.2712962962962963
3 0.20911458333333333 0.7731481481481481 0.10572916666666667 0.2351851851851852
3 0.50078125 0.762962962962963 0.07239583333333334 0.24814814814814815
3 0.41171875 0.3712962962962963 0.07604166666666666 0.21574074074074073
3 0.753125 0.7523148148148148 0.08541666666666667 0.275
3 0.5908854166666667 0.5393518518518519 0.0609375 0.2916666666666667
3 0.6966145833333334 0.5634259259259259 0.07604166666666666 0.29074074074074074
3 0.7770833333333333 0.575 0.058333333333333334 0.2759259259259259
3 0.69765625 0.44814814814814813 0.0609375 0.14074074074074075
2 0.7111979166666667 0.5675925925925925 0.0234375 0.03611111111111111
0 0.6111979166666667 0.8106481481481481 0.0640625 0.15462962962962962
0 0.7247395833333333 0.3875 0.04010416666666667 0.22870370370370371
3 0.528125 0.4981481481481482 0.08125 0.25