2 0.4005208333333333 0.23287037037037037 0.01875 0.026851851851851852
3 0.3104166666666667 0.6412037037037037 0.06510416666666667 0.26296296296296295
3 0.5591145833333333 0.7555555555555555 0.08072916666666667 0.25833333333333336
3 0.79453125 0.5689814814814815 0.096875 0.2861111111111111
3 0.91796875 0.5740740740740741 0.0890625 0.2675925925925926
3 0.4518229166666667 0.45185185185185184 0.0640625 0.25092592592592594
3 0.3770833333333333 0.4787037037037037 0.05677083333333333 0.2564814814814815
0 0.8859375 0.37592592592592594 0.0703125 0.20462962962962963
0 0.38203125 0.7898148148148149 0.06979166666666667 0.20092592592592592
0 0.21223958333333334 0.37175925925925923 0.05625 0.2175925925925926
1 0.27890625 0.26990740740740743 0.03854166666666667 0.07592592592592592