2 0.2872395833333333 0.4185185185185185 0.016666666666666666 0.025925925925925925
3 0.6997395833333333 0.7944444444444444 0.07395833333333333 0.2361111111111111
3 0.896875 0.5902777777777778 0.06354166666666666 0.20555555555555555
3 0.8098958333333334 0.5643518518518519 0.075 0.1925925925925926
3 0.4981770833333333 0.6763888888888889 0.05 0.1925925925925926
3 0.565625 0.4842592592592593 0.04895833333333333 0.15925925925925927
3 0.4583333333333333 0.5578703703703703 0.0453125 0.19074074074074074
3 0.40703125 0.5462962962962963 0.05260416666666667 0.15833333333333333
3 0.34791666666666665 0.7125 0.0578125 0.20462962962962963
3 0.39505208333333336 0.6828703703703703 0.05364583333333333 0.1787037037037037
3 0.3567708333333333 0.5643518518518519 0.05 0.1527777777777778
0 0.6598958333333333 0.4810185185185185 0.044270833333333336 0.20925925925925926
0 0.5471354166666667 0.9027777777777778 0.04791666666666667 0.19444444444444445