2 0.4627604166666667 0.27546296296296297 0.019791666666666666 0.03148148148148148
3 0.2734375 0.4134259259259259 0.06458333333333334 0.24537037037037038
3 0.20520833333333333 0.3925925925925926 0.051041666666666666 0.22407407407407406
3 0.25807291666666665 0.775 0.06822916666666666 0.23333333333333334
3 0.46197916666666666 0.6689814814814815 0.06354166666666666 0.2935185185185185
3 0.5283854166666667 0.5287037037037037 0.06302083333333333 0.2537037037037037
3 0.6044270833333333 0.5120370370370371 0.07135416666666666 0.2462962962962963
3 0.67734375 0.6398148148148148 0.0609375 0.26666666666666666
3 0.7200520833333334 0.6185185185185185 0.05364583333333333 0.2111111111111111
0 0.63046875 0.8175925925925925 0.06927083333333334 0.15185185185185185
0 0.12473958333333333 0.4111111111111111 0.06302083333333333 0.22037037037037038
0 0.7684895833333333 0.3902777777777778 0.0421875 0.17685185185185184
1 0.7268229166666667 0.28935185185185186 0.04375 0.07777777777777778
3 0.8098958333333334 0.7699074074074074 0.084375 0.23796296296296296