2 0.18619791666666666 0.3453703703703704 0.021875 0.03425925925925926
3 0.24609375 0.5504629629629629 0.0703125 0.2064814814814815
3 0.3151041666666667 0.4777777777777778 0.07395833333333333 0.1814814814814815
3 0.36770833333333336 0.35324074074074074 0.05625 0.18611111111111112
3 0.44895833333333335 0.39675925925925926 0.04791666666666667 0.19814814814814816
3 0.4708333333333333 0.6657407407407407 0.10208333333333333 0.23148148148148148
3 0.5169270833333334 0.5930555555555556 0.07552083333333333 0.24351851851851852
3 0.603125 0.47175925925925927 0.04375 0.2175925925925926
3 0.62734375 0.4222222222222222 0.04479166666666667 0.1925925925925926
0 0.49453125 0.8407407407407408 0.059895833333333336 0.21481481481481482
0 0.02265625 0.399537037037037 0.0453125 0.1935185185185185
0 0.6565104166666667 0.4064814814814815 0.0296875 0.18703703703703703
1 0.6330729166666667 0.30648148148148147 0.03802083333333333 0.07222222222222222