3 0.6791666666666667 0.7833333333333333 0.06354166666666666 0.23703703703703705
3 0.9216145833333333 0.5912037037037037 0.09010416666666667 0.20092592592592592
3 0.8098958333333334 0.5643518518518519 0.075 0.1925925925925926
3 0.48880208333333336 0.6708333333333333 0.05364583333333333 0.19814814814814816
3 0.565625 0.4842592592592593 0.04895833333333333 0.15925925925925927
3 0.4583333333333333 0.5578703703703703 0.0453125 0.19074074074074074
3 0.40703125 0.5462962962962963 0.05260416666666667 0.15833333333333333
3 0.34791666666666665 0.7125 0.0578125 0.20462962962962963
3 0.39505208333333336 0.6828703703703703 0.05364583333333333 0.1787037037037037
3 0.3567708333333333 0.5643518518518519 0.05 0.1527777777777778
0 0.6598958333333333 0.4810185185185185 0.044270833333333336 0.20925925925925926
0 0.5471354166666667 0.9027777777777778 0.04791666666666667 0.19444444444444445