0 0.9200520833333333 0.35555555555555557 0.06041666666666667 0.19814814814814816
0 0.45677083333333335 0.7652777777777777 0.05520833333333333 0.1648148148148148
0 0.3177083333333333 0.3439814814814815 0.03854166666666667 0.16574074074074074
3 0.8111979166666666 0.3578703703703704 0.04791666666666667 0.2064814814814815
3 0.7690104166666667 0.4393518518518518 0.044270833333333336 0.24259259259259258
3 0.48333333333333334 0.29583333333333334 0.04583333333333333 0.17962962962962964
3 0.6166666666666667 0.48842592592592593 0.06614583333333333 0.21851851851851853
3 0.4979166666666667 0.6236111111111111 0.08020833333333334 0.23425925925925925
3 0.409375 0.44907407407407407 0.057291666666666664 0.22314814814814815
3 0.3731770833333333 0.5736111111111111 0.07239583333333334 0.25555555555555554
3 0.284375 0.5837962962962963 0.07083333333333333 0.22592592592592592