1 0.2765625 0.2462962962962963 0.049479166666666664 0.08425925925925926
3 0.10651041666666666 0.6981481481481482 0.0703125 0.35555555555555557
3 0.5921875 0.8009259259259259 0.07395833333333333 0.17592592592592593
3 0.5723958333333333 0.6208333333333333 0.065625 0.30092592592592593
3 0.50859375 0.49537037037037035 0.08541666666666667 0.2814814814814815
3 0.35520833333333335 0.4824074074074074 0.10677083333333333 0.30925925925925923
3 0.2994791666666667 0.549074074074074 0.057291666666666664 0.2814814814814815
3 0.25729166666666664 0.5805555555555556 0.05520833333333333 0.29814814814814816
3 0.19244791666666666 0.4976851851851852 0.07760416666666667 0.24351851851851852
0 0.4765625 0.8342592592592593 0.06770833333333333 0.11296296296296296
0 0.1890625 0.3421296296296296 0.04375 0.20833333333333334