2 0.35703125 0.2722222222222222 0.019270833333333334 0.032407407407407406
3 0.86640625 0.4537037037037037 0.06770833333333333 0.25277777777777777
3 0.8619791666666666 0.775 0.09322916666666667 0.22962962962962963
3 0.6890625 0.7513888888888889 0.078125 0.275
3 0.56796875 0.4759259259259259 0.049479166666666664 0.2462962962962963
3 0.24036458333333333 0.7240740740740741 0.0765625 0.29074074074074074
3 0.28854166666666664 0.5185185185185185 0.04791666666666667 0.22037037037037038
3 0.32265625 0.4837962962962963 0.04583333333333333 0.2361111111111111
3 0.29348958333333336 0.38425925925925924 0.0609375 0.11481481481481481
0 0.18854166666666666 0.3648148148148148 0.05572916666666667 0.2064814814814815
0 0.3421875 0.774537037037037 0.06979166666666667 0.23055555555555557
1 0.24947916666666667 0.25277777777777777 0.04010416666666667 0.07222222222222222