3 0.334375 0.4148148148148148 0.04114583333333333 0.17314814814814813
3 0.19557291666666668 0.32916666666666666 0.05364583333333333 0.18333333333333332
3 0.2984375 0.2791666666666667 0.03229166666666667 0.17314814814814813
3 0.38828125 0.32037037037037036 0.0625 0.16203703703703703
3 0.48828125 0.549537037037037 0.07708333333333334 0.19074074074074074
3 0.5734375 0.625 0.0484375 0.1675925925925926
3 0.6252604166666667 0.44351851851851853 0.03854166666666667 0.1935185185185185
3 0.8505208333333333 0.5574074074074075 0.052083333333333336 0.13703703703703704
0 0.08020833333333334 0.32083333333333336 0.04479166666666667 0.15092592592592594
0 0.7458333333333333 0.3111111111111111 0.034375 0.16574074074074074
0 0.534375 0.6537037037037037 0.052083333333333336 0.14722222222222223
1 0.6927083333333334 0.2050925925925926 0.036458333333333336 0.06481481481481481
2 0.25625 0.425 0.021875 0.04351851851851852