3 0.9190104166666667 0.44675925925925924 0.058333333333333334 0.2564814814814815
3 0.8044270833333333 0.6148148148148148 0.0609375 0.26851851851851855
3 0.7739583333333333 0.4837962962962963 0.07239583333333334 0.23425925925925925
3 0.5432291666666667 0.625462962962963 0.06354166666666666 0.2740740740740741
3 0.46458333333333335 0.6203703703703703 0.09791666666666667 0.24259259259259258
3 0.47708333333333336 0.4976851851851852 0.04583333333333333 0.17777777777777778
3 0.35598958333333336 0.5314814814814814 0.06614583333333333 0.25925925925925924
3 0.28802083333333334 0.6212962962962963 0.07708333333333334 0.2537037037037037
3 0.19869791666666667 0.7236111111111111 0.06302083333333333 0.287962962962963
3 0.2604166666666667 0.5430555555555555 0.06979166666666667 0.23981481481481481
0 0.3609375 0.7722222222222223 0.06979166666666667 0.22407407407407406
0 0.8734375 0.36157407407407405 0.05625 0.23703703703703705
0 0.20546875 0.37592592592592594 0.0453125 0.17407407407407408