2 0.6859375 0.2449074074074074 0.019791666666666666 0.030555555555555555
1 0.3671875 0.25324074074074077 0.04479166666666667 0.075
3 0.2604166666666667 0.675 0.05416666666666667 0.24259259259259258
3 0.31302083333333336 0.5560185185185185 0.04375 0.23425925925925925
3 0.509375 0.5689814814814815 0.08385416666666666 0.23981481481481481
3 0.5809895833333333 0.562037037037037 0.07135416666666666 0.22962962962962963
3 0.6453125 0.6560185185185186 0.07708333333333334 0.25092592592592594
3 0.6380208333333334 0.48703703703703705 0.04895833333333333 0.2
3 0.5598958333333334 0.40370370370370373 0.05625 0.18888888888888888
3 0.6083333333333333 0.4185185185185185 0.05 0.14629629629629629
3 0.6197916666666666 0.30787037037037035 0.046875 0.15462962962962962
0 0.8395833333333333 0.8097222222222222 0.071875 0.262037037037037
0 0.7283854166666667 0.30185185185185187 0.034895833333333334 0.1685185185185185
0 0.17786458333333333 0.5037037037037037 0.043229166666666666 0.20925925925925926