3 0.3265625 0.7907407407407407 0.10520833333333333 0.2935185185185185
3 0.5171875 0.649537037037037 0.0671875 0.29259259259259257
3 0.6661458333333333 0.47314814814814815 0.07291666666666667 0.24259259259259258
3 0.7744791666666667 0.4064814814814815 0.04583333333333333 0.21944444444444444
3 0.4747395833333333 0.5263888888888889 0.075 0.24444444444444444
3 0.36041666666666666 0.575 0.053125 0.26296296296296295
3 0.8421875 0.7430555555555556 0.121875 0.27314814814814814
3 0.96875 0.8523148148148149 0.05625 0.2824074074074074
0 0.11744791666666667 0.6833333333333333 0.058854166666666666 0.2898148148148148
0 0.8130208333333333 0.37083333333333335 0.04635416666666667 0.2064814814814815
2 0.4278645833333333 0.3402777777777778 0.0234375 0.03981481481481482