3 0.334375 0.4148148148148148 0.04114583333333333 0.17314814814814813
3 0.19114583333333332 0.3282407407407407 0.046875 0.18055555555555555
3 0.290625 0.28055555555555556 0.034375 0.16944444444444445
3 0.39375 0.31712962962962965 0.051041666666666666 0.16574074074074074
3 0.4765625 0.549074074074074 0.08072916666666667 0.19166666666666668
3 0.5734375 0.625 0.0484375 0.1675925925925926
3 0.6252604166666667 0.44351851851851853 0.03854166666666667 0.1935185185185185
3 0.8505208333333333 0.5574074074074075 0.052083333333333336 0.13703703703703704
0 0.075 0.3236111111111111 0.05572916666666667 0.15648148148148147
0 0.7380208333333333 0.31203703703703706 0.03802083333333333 0.16203703703703703
0 0.5255208333333333 0.6578703703703703 0.051041666666666666 0.15555555555555556
1 0.6895833333333333 0.2064814814814815 0.0390625 0.06388888888888888
2 0.25234375 0.4101851851851852 0.020833333333333332 0.037037037037037035