3 0.0625 0.5842592592592593 0.08125 0.3037037037037037
3 0.24296875 0.575 0.06197916666666667 0.26296296296296295
3 0.31979166666666664 0.5925925925925926 0.09270833333333334 0.2935185185185185
3 0.23958333333333334 0.8685185185185185 0.06614583333333333 0.26296296296296295
3 0.4979166666666667 0.6231481481481481 0.08854166666666667 0.325
3 0.66484375 0.7162037037037037 0.08333333333333333 0.30462962962962964
3 0.6151041666666667 0.674074074074074 0.06041666666666667 0.33425925925925926
3 0.36484375 0.36203703703703705 0.03802083333333333 0.24351851851851852
3 0.32083333333333336 0.35555555555555557 0.04583333333333333 0.23703703703703705
0 0.4296875 0.9175925925925926 0.0828125 0.16296296296296298
0 0.5346354166666667 0.36064814814814816 0.06927083333333334 0.2111111111111111