2 0.41848958333333336 0.18935185185185185 0.022916666666666665 0.03518518518518519
3 0.022395833333333334 0.7268518518518519 0.04479166666666667 0.30925925925925923
3 0.153125 0.6611111111111111 0.058854166666666666 0.3055555555555556
3 0.52578125 0.8680555555555556 0.08697916666666666 0.262037037037037
3 0.7255208333333333 0.6953703703703704 0.071875 0.27037037037037037
3 0.65390625 0.4393518518518518 0.0734375 0.2657407407407407
3 0.6213541666666667 0.3699074074074074 0.04895833333333333 0.23055555555555557
3 0.5145833333333333 0.4486111111111111 0.065625 0.25092592592592594
3 0.4666666666666667 0.40925925925925927 0.0625 0.2462962962962963
3 0.37838541666666664 0.4064814814814815 0.06458333333333334 0.25925925925925924
1 0.7752604166666667 0.3050925925925926 0.051041666666666666 0.09444444444444444
0 0.6778645833333333 0.9208333333333333 0.08177083333333333 0.15833333333333333