2 0.5690104166666666 0.09212962962962963 0.0203125 0.03796296296296296
1 0.7544270833333333 0.3592592592592593 0.04635416666666667 0.07592592592592592
3 0.5513020833333333 0.5120370370370371 0.06197916666666667 0.21388888888888888
3 0.5255208333333333 0.4361111111111111 0.065625 0.2037037037037037
3 0.6239583333333333 0.5634259259259259 0.06666666666666667 0.21666666666666667
3 0.67578125 0.7467592592592592 0.07239583333333334 0.25555555555555554
3 0.90859375 0.7430555555555556 0.078125 0.16203703703703703
3 0.178125 0.7361111111111112 0.05677083333333333 0.2759259259259259
3 0.24114583333333334 0.5259259259259259 0.0375 0.2212962962962963
3 0.16744791666666667 0.5046296296296297 0.05416666666666667 0.22685185185185186
3 0.07213541666666666 0.7861111111111111 0.06354166666666666 0.18888888888888888
3 0.6815104166666667 0.549537037037037 0.06302083333333333 0.21574074074074073
0 0.7158854166666667 0.46435185185185185 0.03854166666666667 0.18055555555555555
0 0.07734375 0.5263888888888889 0.03697916666666667 0.23333333333333334
0 0.5645833333333333 0.825925925925926 0.0625 0.18703703703703703