3 0.7106770833333333 0.8185185185185185 0.05625 0.18518518518518517
3 0.6671875 0.8564814814814815 0.05260416666666667 0.10740740740740741
3 0.44609375 0.8375 0.05260416666666667 0.14444444444444443
3 0.43359375 0.7527777777777778 0.05364583333333333 0.15925925925925927
3 0.30026041666666664 0.8 0.06145833333333333 0.20925925925925926
3 0.22864583333333333 0.7722222222222223 0.0390625 0.21944444444444444
3 0.29713541666666665 0.6620370370370371 0.036458333333333336 0.23981481481481481
3 0.33541666666666664 0.6171296296296296 0.058333333333333334 0.2388888888888889
3 0.42682291666666666 0.4615740740740741 0.0609375 0.2361111111111111
0 0.05911458333333333 0.712037037037037 0.042708333333333334 0.2074074074074074
0 0.72265625 0.30648148148148147 0.05416666666666667 0.175
0 0.8380208333333333 0.8412037037037037 0.05572916666666667 0.13055555555555556