3 0.07421875 0.43657407407407406 0.05625 0.20925925925925926
3 0.18984375 0.38333333333333336 0.03854166666666667 0.18888888888888888
3 0.3768229166666667 0.5101851851851852 0.0546875 0.22777777777777777
3 0.471875 0.43148148148148147 0.040625 0.19444444444444445
3 0.54765625 0.5365740740740741 0.04895833333333333 0.21944444444444444
3 0.7174479166666666 0.6685185185185185 0.05520833333333333 0.2388888888888889
3 0.5109375 0.7268518518518519 0.04375 0.1638888888888889
3 0.43020833333333336 0.6953703703703704 0.0640625 0.23425925925925925
3 0.17369791666666667 0.7388888888888889 0.05 0.26296296296296295
3 0.17395833333333333 0.6782407407407407 0.06666666666666667 0.26851851851851855
0 0.45286458333333335 0.7583333333333333 0.0703125 0.19814814814814816
0 0.6627604166666666 0.4023148148148148 0.03958333333333333 0.1685185185185185