2 0.5119791666666667 0.43333333333333335 0.025520833333333333 0.040740740740740744
1 0.4393229166666667 0.29953703703703705 0.05 0.07037037037037037
3 0.6223958333333334 0.3638888888888889 0.06041666666666667 0.1935185185185185
3 0.6161458333333333 0.5601851851851852 0.07604166666666666 0.23981481481481481
3 0.3221354166666667 0.7564814814814815 0.06979166666666667 0.19074074074074074
3 0.303125 0.6222222222222222 0.057291666666666664 0.0962962962962963
3 0.4434895833333333 0.5615740740740741 0.096875 0.32407407407407407
3 0.5278645833333333 0.43796296296296294 0.036458333333333336 0.09259259259259259
3 0.5536458333333333 0.5458333333333333 0.08177083333333333 0.2212962962962963
0 0.8705729166666667 0.85 0.07291666666666667 0.2953703703703704
0 0.16171875 0.6694444444444444 0.04114583333333333 0.2675925925925926
0 0.8752604166666667 0.38842592592592595 0.0421875 0.21296296296296297