2 0.3614583333333333 0.5185185185185185 0.0234375 0.04259259259259259
3 0.034895833333333334 0.37592592592592594 0.06979166666666667 0.20277777777777778
3 0.23984375 0.44074074074074077 0.075 0.2361111111111111
3 0.35885416666666664 0.31666666666666665 0.06927083333333334 0.22314814814814815
3 0.45286458333333335 0.37546296296296294 0.07135416666666666 0.21851851851851853
3 0.653125 0.36203703703703705 0.06666666666666667 0.21203703703703702
3 0.6645833333333333 0.5745370370370371 0.08125 0.2361111111111111
3 0.8794270833333333 0.625 0.08385416666666666 0.24537037037037038
3 0.39479166666666665 0.524537037037037 0.051041666666666666 0.2777777777777778
0 0.56171875 0.7148148148148148 0.06927083333333334 0.27314814814814814
0 0.07161458333333333 0.29953703703703705 0.04895833333333333 0.1935185185185185
0 0.7489583333333333 0.337037037037037 0.0375 0.20462962962962963
1 0.7020833333333333 0.17453703703703705 0.046875 0.0787037037037037