3 0.8135416666666667 0.7111111111111111 0.049479166666666664 0.2916666666666667
3 0.7138020833333333 0.5652777777777778 0.06927083333333334 0.2490740740740741
3 0.6315104166666666 0.4638888888888889 0.06510416666666667 0.21666666666666667
3 0.96640625 0.7870370370370371 0.06666666666666667 0.3111111111111111
3 0.41354166666666664 0.6643518518518519 0.065625 0.15462962962962962
3 0.41171875 0.8407407407407408 0.08177083333333333 0.23333333333333334
3 0.4002604166666667 0.5 0.0546875 0.21296296296296297
3 0.49661458333333336 0.5041666666666667 0.0609375 0.2324074074074074
3 0.45 0.47824074074074074 0.04791666666666667 0.19537037037037036
0 0.67734375 0.9263888888888889 0.07760416666666667 0.14722222222222223
0 0.7052083333333333 0.3726851851851852 0.042708333333333334 0.1638888888888889