2 0.6841145833333333 0.4898148148148148 0.025 0.04259259259259259
1 0.6322916666666667 0.28935185185185186 0.03697916666666667 0.06388888888888888
3 0.6622395833333333 0.5879629629629629 0.05364583333333333 0.26666666666666666
3 0.7453125 0.6175925925925926 0.06302083333333333 0.1935185185185185
3 0.8635416666666667 0.6101851851851852 0.044270833333333336 0.10555555555555556
3 0.5473958333333333 0.4625 0.04375 0.1824074074074074
3 0.49947916666666664 0.37037037037037035 0.03958333333333333 0.16203703703703703
3 0.32265625 0.44814814814814813 0.0421875 0.15555555555555556
3 0.278125 0.5560185185185185 0.0796875 0.2111111111111111
3 0.14609375 0.612037037037037 0.08177083333333333 0.25833333333333336
0 0.044270833333333336 0.4550925925925926 0.07552083333333333 0.2
0 0.6372395833333333 0.41435185185185186 0.03697916666666667 0.18055555555555555
3 0.5927083333333333 0.6689814814814815 0.06979166666666667 0.16944444444444445