2 0.4825520833333333 0.09444444444444444 0.022395833333333334 0.03148148148148148
1 0.36666666666666664 0.3055555555555556 0.0359375 0.06851851851851852
3 0.78515625 0.38935185185185184 0.040625 0.1814814814814815
3 0.8927083333333333 0.4388888888888889 0.0515625 0.2
3 0.5549479166666667 0.4263888888888889 0.042708333333333334 0.17777777777777778
3 0.646875 0.5217592592592593 0.06979166666666667 0.21574074074074073
3 0.6135416666666667 0.6578703703703703 0.06354166666666666 0.21296296296296297
3 0.4401041666666667 0.5416666666666666 0.046875 0.2064814814814815
3 0.24401041666666667 0.6592592592592592 0.04791666666666667 0.18055555555555555
3 0.7705729166666667 0.7138888888888889 0.057291666666666664 0.2574074074074074
3 0.7591145833333334 0.663425925925926 0.06041666666666667 0.2324074074074074
0 0.9356770833333333 0.42685185185185187 0.033854166666666664 0.18055555555555555
0 0.32421875 0.4125 0.03229166666666667 0.1648148148148148
0 0.5278645833333333 0.7550925925925925 0.06614583333333333 0.2037037037037037