2 0.4015625 0.027777777777777776 0.025 0.04259259259259259
1 0.8395833333333333 0.22037037037037038 0.050520833333333334 0.08055555555555556
3 0.6294270833333333 0.3560185185185185 0.05 0.21388888888888888
3 0.5981770833333333 0.3060185185185185 0.04635416666666667 0.20277777777777778
3 0.7200520833333334 0.4041666666666667 0.051041666666666666 0.22407407407407406
3 0.7520833333333333 0.4074074074074074 0.0375 0.24074074074074073
3 0.7447916666666666 0.6194444444444445 0.058333333333333334 0.2638888888888889
3 0.22786458333333334 0.5898148148148148 0.06510416666666667 0.2518518518518518
3 0.1578125 0.600462962962963 0.07604166666666666 0.30925925925925923
3 0.24322916666666666 0.3509259259259259 0.0453125 0.23148148148148148
3 0.3111979166666667 0.37916666666666665 0.044270833333333336 0.21666666666666667
0 0.16223958333333333 0.36944444444444446 0.0421875 0.2
0 0.6372395833333333 0.6921296296296297 0.065625 0.16666666666666666
1 0.796875 0.32731481481481484 0.0359375 0.18796296296296297