3 0.20703125 0.40694444444444444 0.052083333333333336 0.23703703703703705
3 0.29973958333333334 0.8296296296296296 0.0625 0.31203703703703706
3 0.28359375 0.611574074074074 0.08020833333333334 0.25833333333333336
3 0.4205729166666667 0.4375 0.0625 0.22592592592592592
3 0.48515625 0.7356481481481482 0.059895833333333336 0.2777777777777778
3 0.6065104166666667 0.5824074074074074 0.0671875 0.24537037037037038
3 0.6263020833333334 0.4398148148148148 0.0765625 0.225
3 0.5932291666666667 0.42268518518518516 0.03854166666666667 0.08425925925925926
3 0.6286458333333333 0.5476851851851852 0.0484375 0.25
0 0.5203125 0.8791666666666667 0.06510416666666667 0.24166666666666667
0 0.7111979166666667 0.3902777777777778 0.0375 0.23148148148148148