1 0.7247395833333333 0.2638888888888889 0.049479166666666664 0.08703703703703704
3 0.8375 0.5078703703703704 0.07760416666666667 0.25092592592592594
3 0.7036458333333333 0.5296296296296297 0.07447916666666667 0.29259259259259257
3 0.6658854166666667 0.5356481481481481 0.0640625 0.29444444444444445
3 0.6236979166666666 0.5092592592592593 0.05416666666666667 0.29814814814814816
3 0.5708333333333333 0.4041666666666667 0.0609375 0.2101851851851852
3 0.43463541666666666 0.3449074074074074 0.08229166666666667 0.25925925925925924
3 0.028125 0.663425925925926 0.05625 0.3296296296296296
3 0.12708333333333333 0.7773148148148148 0.057291666666666664 0.2111111111111111
0 0.6036458333333333 0.8199074074074074 0.0796875 0.13518518518518519
0 0.8033854166666666 0.3685185185185185 0.05364583333333333 0.22870370370370371
3 0.77265625 0.5550925925925926 0.058333333333333334 0.2916666666666667
2 0.7091145833333333 0.35 0.0265625 0.04259259259259259