2 0.53203125 0.26666666666666666 0.0203125 0.03611111111111111
1 0.5825520833333333 0.25416666666666665 0.0515625 0.09351851851851851
3 0.6684895833333333 0.8032407407407407 0.10572916666666667 0.287962962962963
3 0.20625 0.7 0.07395833333333333 0.1962962962962963
3 0.026302083333333334 0.6643518518518519 0.05260416666666667 0.2777777777777778
3 0.36822916666666666 0.638425925925926 0.08854166666666667 0.275
3 0.20104166666666667 0.5541666666666667 0.07447916666666667 0.25
3 0.5552083333333333 0.6236111111111111 0.06875 0.25277777777777777
3 0.6161458333333333 0.5231481481481481 0.08489583333333334 0.2518518518518518
3 0.7002604166666667 0.49444444444444446 0.06927083333333334 0.24814814814814815
0 0.47734375 0.8648148148148148 0.07291666666666667 0.27037037037037037