3 0.80234375 0.6953703703703704 0.08072916666666667 0.27037037037037037
3 0.6588541666666666 0.6930555555555555 0.06927083333333334 0.23703703703703705
3 0.1828125 0.7393518518518518 0.05520833333333333 0.262037037037037
3 0.21119791666666668 0.5356481481481481 0.042708333333333334 0.22685185185185186
3 0.13515625 0.5111111111111111 0.04479166666666667 0.2324074074074074
3 0.50625 0.46435185185185185 0.0625 0.16666666666666666
3 0.5161458333333333 0.5472222222222223 0.051041666666666666 0.2222222222222222
3 0.63359375 0.5662037037037037 0.04114583333333333 0.23981481481481481
0 0.56015625 0.8240740740740741 0.06510416666666667 0.17314814814814813
0 0.03307291666666667 0.5333333333333333 0.043229166666666666 0.23148148148148148
0 0.68046875 0.4638888888888889 0.03333333333333333 0.1712962962962963
2 0.7276041666666667 0.3800925925925926 0.021354166666666667 0.03425925925925926